#	X	Y	Z
G_201	0	0	0
G_202	3	0	0
G_203	6	0	0
G_204	9	0	0
G_205	12	0	0
G_206	15	0	0
G_207	18	0	0
G_208	21	0	0
G_209	24	0	0
G_210	27	0	0
G_211	30	0	0
G_212	33	0	0
G_213	36	0	0
G_214	39	0	0
G_215	42	0	0
G_216	45	0	0
S_201	-5	0	0
S_202	-8	0	0
S_203	-11	0	0
S_204	50	0	0
S_205	53	0	0
S_206	56	0	0
G_101	0	0	0
G_102	0	-3	0
G_103	0	-6	0
G_104	0	-9	0
G_105	0	-12	0
G_106	0	-15	0
G_107	0	-18	0
G_108	0	-21	0
G_109	0	-24	0
G_110	0	-27	0
G_111	0	-30	0
G_112	0	-33	0
G_113	0	-36	0
G_114	0	-39	0
G_115	0	-42	0
G_116	0	-45	0
S_101	0	5	0
S_102	0	8	0
S_103	0	11	0
S_104	0	-50	0
S_105	0	-53	0
S_106	0	-56	0
G_301	0	-45	0
G_302	3	-45	0
G_303	6	-45	0
G_304	9	-45	0
G_305	12	-45	0
G_306	15	-45	0
G_307	18	-45	0
G_308	21	-45	0
G_309	24	-45	0
G_310	27	-45	0
G_311	30	-45	0
G_312	33	-45	0
G_313	36	-45	0
G_314	39	-45	0
G_315	42	-45	0
G_316	45	-45	0
S_301	-5	-45	0
S_302	-8	-45	0
S_303	-11	-45	0
S_304	50	-45	0
S_305	53	-45	0
S_306	56	-45	0
T_111	0	0	0
T_112	0	-1	0
T_113	0	-2	0
T_114	0	-3	0
T_115	0	-4	0
T_116	0	-5	0
T_117	0	-6	0
T_118	0	-7	0
T_119	0	-8	0
T_120	0	-9	0
T_121	0	-10	0
T_122	0	-11	0
T_123	0	-12	0
T_124	0	-13	0
T_125	0	-14	0
T_126	0	-15	0
T_127	0	-16	0
T_128	0	-17	0
T_129	0	-18	0
T_130	0	-19	0
T_131	0	-20	0
T_132	0	-21	0
T_133	0	-22	0
T_134	0	-23	0
T_135	0	-24	0
T_136	0	-25	0
T_137	0	-26	0
T_138	0	-27	0
T_139	0	-28	0
T_140	0	-29	0
T_141	0	-30	0
T_142	0	-31	0
T_143	0	-32	0
T_144	0	-33	0
T_145	0	-34	0
T_146	0	-35	0
T_147	0	-36	0
T_148	0	-37	0
T_149	0	-38	0
T_150	0	-39	0
T_151	0	-40	0
T_152	0	-41	0
T_153	0	-42	0
T_154	0	-43	0
T_155	0	-44	0
T_156	0	-45	0
T_111	0	0	0
G_401	-22.5	22.5	0
G_402	0.0	22.5	0
G_403	22.5	22.5	0
G_404	45.0	22.5	0
G_405	-22.5	0.0	0
G_406	0.0	0.0	0
G_407	22.5	0.0	0
G_408	45.0	0.0	0
G_409	-22.5	-22.5	0
G_410	0.0	-22.5	0
G_411	22.5	-22.5	0
G_412	45.0	-22.5	0
G_413	-22.5	-45.0	0
G_414	0.0	-45.0	0
G_415	22.5	-45.0	0
G_416	45.0	-45.0	0
