#	X	Y	Z
G_101	0	0	0
G_102	3	0	0
G_103	6	0	0
G_104	9	0	0
G_105	12	0	0
G_106	15	0	0
G_107	18	0	0
G_108	21	0	0
G_109	24	0	0
G_110	27	0	0
G_111	30	0	0
G_112	33	0	0
G_113	36	0	0
G_114	39	0	0
G_115	42	0	0
G_116	45	0	0
S_101	-5	0	0
S_102	-8	0	0
S_103	-11	0	0
S_104	50	0	0
S_105	53	0	0
S_106	56	0	0
G_201	0	0	0
G_202	0	-3	0
G_203	0	-6	0
G_204	0	-9	0
G_205	0	-12	0
G_206	0	-15	0
G_207	0	-18	0
G_208	0	-21	0
G_209	0	-24	0
G_210	0	-27	0
G_211	0	-30	0
G_212	0	-33	0
G_213	0	-36	0
G_214	0	-39	0
G_215	0	-42	0
G_216	0	-45	0
S_201	0	5	0
S_202	0	8	0
S_203	0	11	0
S_204	0	-50	0
S_205	0	-53	0
S_206	0	-56	0
G_301	0	-45	0
G_302	3	-45	0
G_303	6	-45	0
G_304	9	-45	0
G_305	12	-45	0
G_306	15	-45	0
G_307	18	-45	0
G_308	21	-45	0
G_309	24	-45	0
G_310	27	-45	0
G_311	30	-45	0
G_312	33	-45	0
G_313	36	-45	0
G_314	39	-45	0
G_315	42	-45	0
G_316	45	-45	0
S_301	-5	-45	0
S_302	-8	-45	0
S_303	-11	-45	0
S_304	50	-45	0
S_305	53	-45	0
S_306	56	-45	0
T_101	0	0	0
T_106	0	0	0
T_107	0	0	0
T_113	0	0	0
T_116	0	0	0
T_117	0	0	0
T_118	0	0	0
T_112	0	-22.5	0
T_104	22.5	-22.5	0
T_108	0	-45	0
T_109	22.5	-45	0
T_111	45	-45	0
B_102	0	-22.5	0
B_105	22.5	-22.5	0
