#,phone,iter,tlag,dtmedian,tmin,tmax,tstd,n,t0
0_0,0,0,1737224611.0694873,0.0031951535000000002,1737224611.069191,1737224611.0698376,0.00014487695596586837,50,1737633128.0607061
1_0,1,0,1737224614.3139791,0.003716598,1737224614.313682,1737224614.3142357,0.00012516286013555935,50,1737633128.4925284
3_0,3,0,1737224618.0563455,0.0035626600000000005,1737224618.0561378,1737224618.0567899,0.00013729751574680907,50,1737633129.4124794
4_0,4,0,1737224622.6026406,0.0043893575,1737224622.6021037,1737224622.6033397,0.0002640729520495451,50,1737633129.9243577
5_0,5,0,1737224626.3708057,0.0031598390000000002,1737224626.370401,1737224626.3730183,0.0005911924624020492,49,1737633130.5389264
0_1,0,1,1737224611.0695362,0.0035222530000000004,1737224611.0692806,1737224611.0698824,0.00015103856691099033,50,1737633131.054943
1_1,1,1,1737224614.3139966,0.0034961045000000005,1737224614.3135183,1737224614.3143387,0.00019363796899544164,50,1737633131.477873
3_1,3,1,1737224618.0564463,0.003267775,1737224618.0561142,1737224618.0567434,0.00013708685164695448,50,1737633132.4731998
4_1,4,1,1737224622.6026907,0.004746889000000001,1737224622.6021013,1737224622.6033661,0.0003052913403829691,49,1737633133.1017842
5_1,5,1,1737224626.3719122,0.002320963,1737224626.3709068,1737224626.3768818,0.0010968367482994193,49,1737633135.0318456
0_2,0,2,1737224611.0696025,0.0037350130000000006,1737224611.0689406,1737224611.0698788,0.00019184158630073016,50,1737633135.8989022
1_2,1,2,1737224614.3140268,0.0033330320000000005,1737224614.313813,1737224614.3143682,0.00012831919167262637,50,1737633137.1170173
3_2,3,2,1737224618.0574818,0.002055869,1737224618.0570502,1737224618.068005,0.0021246280177896625,49,1737633137.8297606
4_2,4,2,1737224622.6026807,0.004071687000000001,1737224622.6018515,1737224622.603051,0.00023472856778700659,50,1737633138.8295774
5_2,5,2,1737224626.3706865,0.003283625,1737224626.3703842,1737224626.37082,0.00010781824865398861,50,1737633140.6701813
0_3,0,3,1737224611.0695767,0.003193813,1737224611.0691493,1737224611.0697112,0.0001290216057478624,50,1737633141.3789077
1_3,1,3,1737224614.3140218,0.0036124100000000004,1737224614.3137727,1737224614.3142993,0.00013571656945385237,49,1737633142.402861
3_3,3,3,1737224618.0564682,0.0036226910000000004,1737224618.0561624,1737224618.0566835,0.00013122896464566968,50,1737633143.1466682
4_3,4,3,1737224622.602693,0.0039766375000000005,1737224622.602036,1737224622.6031709,0.00021594326069885485,50,1737633143.9972136
5_3,5,3,1737224626.371642,0.003235527,1737224626.3706784,1737224626.3733063,0.000746907255227231,49,1737633144.4691167
0_4,0,4,1737224611.0695567,0.004400630000000001,1737224611.0686681,1737224611.0699186,0.00031678604022680973,50,1737633144.9817398
1_4,1,4,1737224614.3140035,0.004168427000000001,1737224614.3134599,1737224614.3144836,0.0002189140230417769,50,1737633145.493754
3_4,3,4,1737224618.0576148,0.0028250080000000004,1737224618.0564337,1737224618.0582628,0.0004758253762621711,49,1737633146.0018039
4_4,4,4,1737224622.6027365,0.0035173590000000003,1737224622.602457,1737224622.6046371,0.0006671089989122728,49,1737633147.838079
5_4,5,4,1737224626.3720737,0.0027264520000000003,1737224626.370772,1737224626.3784146,0.001735994818869971,49,1737633148.9241118
0_5,0,5,1737224611.0694902,0.0040480145000000006,1737224611.0687828,1737224611.0699382,0.0002917028584097471,50,1737633149.592994
1_5,1,5,1737224614.3140502,0.004505379,1737224614.3132186,1737224614.314663,0.0003371166103018239,50,1737633150.0219126
3_5,3,5,1737224618.0579336,0.0016429465000000001,1737224618.0575185,1737224618.066258,0.0019015385392399675,48,1737633151.622162
4_5,4,5,1737224622.6040561,0.003509943,1737224622.602396,1737224622.6113105,0.001668726873234692,49,1737633152.5290248
5_5,5,5,1737224626.3717914,0.003835151,1737224626.370408,1737224626.3751428,0.001178323000963819,49,1737633153.1737661
0_6,0,6,1737224611.0695972,0.0033259875000000005,1737224611.0690403,1737224611.0700417,0.00017916485367155618,50,1737633153.909738
1_6,1,6,1737224614.3139567,0.005230852,1737224614.3129292,1737224614.315064,0.0005160441107497769,49,1737633154.2986882
3_6,3,6,1737224618.0563254,0.0062477955,1737224618.0549626,1737224618.0602117,0.0011010450072561513,48,1737633154.9177763
4_6,4,6,1737224622.6024654,0.005526448000000001,1737224622.6016545,1737224622.6033225,0.00037672211857904867,49,1737633156.2010226
5_6,5,6,1737224626.370689,0.0041092855000000005,1737224626.369997,1737224626.395007,0.004859661805985059,48,1737633157.3204846
0_7,0,7,1737224611.0693307,0.004987402,1737224611.0687532,1737224611.070416,0.0003547125596638235,50,1737633158.3731244
1_7,1,7,1737224614.3140488,0.0035156295,1737224614.3136168,1737224614.314392,0.0001603335500822614,50,1737633158.9400694
3_7,3,7,1737224618.056416,0.003397942,1737224618.0561695,1737224618.0566392,0.0001239180513274617,50,1737633160.1568937
4_7,4,7,1737224622.6026292,0.0037984965000000003,1737224622.6018887,1737224622.6028728,0.00018839265259069248,50,1737633161.5595345
5_7,5,7,1737224626.3706431,0.0036386015,1737224626.370183,1737224626.3708358,0.00015577320487959625,50,1737633162.354763
0_8,0,8,1737224611.0695746,0.004210889000000001,1737224611.0690851,1737224611.0698197,0.00017636567962929368,50,1737633162.7990665
1_8,1,8,1737224614.3138022,0.006584368500000001,1737224614.3127396,1737224614.3151357,0.0005877141873831406,50,1737633163.5822146
3_8,3,8,1737224618.0564802,0.003864703,1737224618.055891,1737224618.060277,0.0011578270985813733,49,1737633165.2459526
4_8,4,8,1737224622.6026525,0.00351935,1737224622.6025143,1737224622.602831,8.708087079729316e-05,50,1737633166.3669279
5_8,5,8,1737224626.3724406,0.003747812,1737224626.3704305,1737224626.3910823,0.004365298532852367,49,1737633167.0877733
0_9,0,9,1737224611.069518,0.0035437490000000006,1737224611.069045,1737224611.0697134,0.00016335314323777744,50,1737633167.7194495
1_9,1,9,1737224614.3140285,0.0048946875,1737224614.3131049,1737224614.3149185,0.0003657565302728627,50,1737633168.4320734
3_9,3,9,1737224618.0577712,0.004922305,1737224618.0552635,1737224618.0746756,0.003570817013069701,49,1737633169.1489508
4_9,4,9,1737224622.6026423,0.0040054055,1737224622.602185,1737224622.6029148,0.00016429932011703034,50,1737633171.0001168
5_9,5,9,1737224626.3706818,0.0043233085,1737224626.3701851,1737224626.3711452,0.0002225290405748668,50,1737633171.7815194
0_10,0,10,1737224611.0695448,0.0044882675,1737224611.0685961,1737224611.0701783,0.00034988674061601523,50,1737633172.6111047
1_10,1,10,1737224614.314044,0.0034302330000000004,1737224614.3136148,1737224614.3143487,0.00014713463245662818,50,1737633173.0652242
3_10,3,10,1737224618.0563745,0.0034270835,1737224618.0561147,1737224618.056586,0.00014389239747959303,50,1737633173.919412
4_10,4,10,1737224622.6026554,0.0040304965,1737224622.602376,1737224622.602887,0.00012374022562448652,50,1737633175.072913
5_10,5,10,1737224626.3706663,0.0060588185,1737224626.369329,1737224626.3718085,0.0005399313471783734,50,1737633175.5953426
0_11,0,11,1737224611.0695086,0.0038852680000000003,1737224611.0690575,1737224611.06982,0.00017331735255592267,50,1737633176.732455
1_11,1,11,1737224614.314012,0.003598219,1737224614.3138328,1737224614.3141842,9.252022119025367e-05,50,1737633177.34112
3_11,3,11,1737224618.0563393,0.004753853000000001,1737224618.0557666,1737224618.0568783,0.00026793241033050923,50,1737633178.0672266
4_11,4,11,1737224622.6038752,0.002347594,1737224622.6029444,1737224622.6061091,0.0007855125077087571,49,1737633179.2210565
5_11,5,11,1737224626.3706841,0.0040583415,1737224626.3703842,1737224626.3710208,0.00013770319068235674,50,1737633180.7096164
0_12,0,12,1737224611.0695784,0.004176609500000001,1737224611.0685601,1737224611.0701163,0.0003312108532481578,50,1737633181.3251052
1_12,1,12,1737224614.3139062,0.0053210505000000005,1737224614.312803,1737224614.3151264,0.0004749157125035415,50,1737633181.865292
3_12,3,12,1737224618.0564632,0.0040964339999999995,1737224618.0560985,1737224618.0599737,0.001105791232223209,48,1737633183.8760235
4_12,4,12,1737224622.6040301,0.0036655380000000003,1737224622.6025739,1737224622.6073756,0.0011342628560133282,49,1737633185.0083241
5_12,5,12,1737224626.370654,0.004685439500000001,1737224626.3696482,1737224626.3712194,0.00032827076589997633,50,1737633186.4412768
0_13,0,13,1737224611.0695395,0.0037202140000000003,1737224611.069223,1737224611.0698493,0.00018107123072989357,50,1737633187.1676562
1_13,1,13,1737224614.3141053,0.0041158655,1737224614.3137043,1737224614.3146515,0.00024928243528562447,50,1737633187.816193
3_13,3,13,1737224618.0564058,0.004272430000000001,1737224618.055729,1737224618.0568104,0.00025261190479140133,50,1737633189.3142684
4_13,4,13,1737224622.602675,0.0056090415,1737224622.601697,1737224622.6038723,0.0005463968157381286,50,1737633190.545165
5_13,5,13,1737224626.3708286,0.004256864000000001,1737224626.3702722,1737224626.3767285,0.001535861857387252,48,1737633191.775365
0_14,0,14,1737224611.0694406,0.0042266495000000005,1737224611.0688167,1737224611.0700564,0.000300537035994943,50,1737633192.4973166
1_14,1,14,1737224614.3140306,0.0036286185,1737224614.3136847,1737224614.3144634,0.00015686578604360812,50,1737633193.2430387
3_14,3,14,1737224618.0564227,0.005957632500000001,1737224618.0548573,1737224618.0570498,0.0004542914869516018,50,1737633193.6695564
4_14,4,14,1737224622.6043026,0.0038429040000000003,1737224622.6026576,1737224622.615932,0.0031080878060561062,49,1737633194.3594015
5_14,5,14,1737224626.3705812,0.00505868,1737224626.3698144,1737224626.3720028,0.00040550750784127884,49,1737633195.2690544
0_15,0,15,1737224611.0695176,0.004710392000000001,1737224611.0687644,1737224611.0700755,0.0003363387145397086,50,1737633195.9723547
1_15,1,15,1737224614.3140967,0.006224755,1737224614.3128707,1737224614.3154569,0.0006423867972939621,50,1737633196.9149067
3_15,3,15,1737224618.0578816,0.0029537115,1737224618.0565524,1737224618.164341,0.021216616078151045,48,1737633197.5661016
4_15,4,15,1737224622.6039202,0.003311309,1737224622.6024323,1737224622.6121104,0.002453863854578399,49,1737633198.2253878
5_15,5,15,1737224626.3709211,0.004773114,1737224626.37008,1737224626.3817115,0.0028321893962841636,49,1737633199.0671115
0_16,0,16,1737224611.0694585,0.008008607000000001,1737224611.0674605,1737224611.0710146,0.0008329270331181106,50,1737633200.0595083
1_16,1,16,1737224614.3142843,0.008367273500000001,1737224614.3132193,1737224614.3170052,0.0010294820467940107,50,1737633201.322947
3_16,3,16,1737224618.057722,0.0030876510000000003,1737224618.0562987,1737224618.0679736,0.0031586389136658293,49,1737633202.0652287
4_16,4,16,1737224622.6026626,0.007046478,1737224622.601873,1737224622.6043758,0.0005480751402983866,50,1737633202.731822
5_16,5,16,1737224626.3706017,0.0037607215000000005,1737224626.3702064,1737224626.371129,0.00018165135793523276,50,1737633204.0670438
0_17,0,17,1737224611.0694883,0.005548903000000001,1737224611.0687294,1737224611.0703206,0.00038761838890312563,50,1737633205.4020264
1_17,1,17,1737224614.3140564,0.0045576725,1737224614.3133597,1737224614.3146806,0.0002775952515241072,50,1737633206.0269082
3_17,3,17,1737224618.056365,0.003901395,1737224618.0559635,1737224618.0569158,0.0002020123319688958,49,1737633206.8333397
4_17,4,17,1737224622.6026664,0.004812686,1737224622.602048,1737224622.6032596,0.00025887248659446936,50,1737633209.2715144
5_17,5,17,1737224626.3705816,0.0041283085,1737224626.3701465,1737224626.3712816,0.00021899072383019355,50,1737633209.9979644
0_18,0,18,1737224611.0694914,0.0041906470000000005,1737224611.069192,1737224611.0701487,0.00020744913323607496,50,1737633211.2386303
1_18,1,18,1737224614.3140862,0.004727956,1737224614.3133698,1737224614.3148198,0.0003451943477798974,50,1737633211.9531124
3_18,3,18,1737224618.0563793,0.003549272,1737224618.05616,1737224618.056746,0.00013027480018898427,50,1737633212.4560323
4_18,4,18,1737224622.6039786,0.002883379,1737224622.602722,1737224622.6091816,0.0014158501154252691,49,1737633213.5032275
5_18,5,18,1737224626.3705826,0.004905007,1737224626.3699691,1737224626.3708773,0.0002216591262590201,50,1737633214.4012067
0_19,0,19,1737224611.0695906,0.0033630905,1737224611.069356,1737224611.0698447,0.00014086287804683067,50,1737633215.1250145
1_19,1,19,1737224614.3140593,0.0035424000000000002,1737224614.3136864,1737224614.3143046,0.0001409546932028222,50,1737633215.538145
3_19,3,19,1737224618.0564172,0.0035599590000000006,1737224618.056107,1737224618.0566702,0.0001420301879722389,50,1737633216.2481813
4_19,4,19,1737224622.6027036,0.003394161,1737224622.602373,1737224622.6029675,0.00013503915508790445,50,1737633216.9183555
5_19,5,19,1737224626.3720446,0.00301145,1737224626.370504,1737224626.3968403,0.005882363018875681,49,1737633217.5094883
0_20,0,20,1737224611.0695033,0.003917861,1737224611.0691695,1737224611.070198,0.00020584428855754857,50,1737633218.222058
1_20,1,20,1737224614.3138871,0.0047613840000000004,1737224614.312953,1737224614.3146214,0.000354264676868611,50,1737633219.0612164
3_20,3,20,1737224618.0563297,0.003920014,1737224618.0557609,1737224618.0566816,0.00023561770331486517,50,1737633220.6443994
4_20,4,20,1737224622.602723,0.002959181,1737224622.6022968,1737224622.6029553,0.00014665106451026318,50,1737633221.129182
5_20,5,20,1737224626.371953,0.004306634,1737224626.370362,1737224626.3777752,0.0015728887292923573,49,1737633221.7941425
0_21,0,21,1737224611.0695205,0.004451386,1737224611.0686643,1737224611.0706577,0.00039286192417029925,50,1737633222.3418176
1_21,1,21,1737224614.3139715,0.0035139175000000003,1737224614.313426,1737224614.3144217,0.0001913664315426005,50,1737633223.1448853
3_21,3,21,1737224618.0563798,0.003974295,1737224618.056058,1737224618.0566788,0.00011788168747239293,50,1737633223.8302026
4_21,4,21,1737224622.602607,0.0032356345,1737224622.602386,1737224622.6028457,0.00011359635285175086,50,1737633224.8500726
5_21,5,21,1737224626.3719485,0.002623748,1737224626.3706467,1737224626.3724284,0.0004924442228925018,49,1737633225.566646
0_22,0,22,1737224611.069549,0.0034491485,1737224611.0693555,1737224611.0698586,0.0001253643884121235,50,1737633226.0821037
1_22,1,22,1737224614.3140488,0.003164505,1737224614.3138144,1737224614.3143291,0.00012120130350631879,50,1737633226.496625
3_22,3,22,1737224618.0574012,0.002212972,1737224618.056488,1737224618.0729885,0.003207089970493133,49,1737633226.9015038
5_22,5,22,1737224626.3705678,0.0043569545,1737224626.3700833,1737224626.370984,0.0001752841265037675,50,1737633228.2244928
0_23,0,23,1737224611.0694776,0.0038291205,1737224611.0690732,1737224611.0702348,0.00021963478736407695,50,1737633228.9541519
1_23,1,23,1737224614.3140059,0.0037885255000000002,1737224614.3137927,1737224614.3142726,0.00011631103216872369,50,1737633229.97338
3_23,3,23,1737224618.0564325,0.0033775105,1737224618.0560546,1737224618.0565782,0.00013002781004005045,50,1737633230.7096806
5_23,5,23,1737224626.3706217,0.003612923,1737224626.370319,1737224626.3709679,0.00015440783117889404,50,1737633232.6260183
0_24,0,24,1737224611.069532,0.0034363895000000004,1737224611.0692692,1737224611.0697818,0.00012124344990392356,50,1737633233.3488314
1_24,1,24,1737224614.3139315,0.0034893370000000003,1737224614.3135233,1737224614.3144107,0.00017526627650703533,50,1737633233.8691387
3_24,3,24,1737224618.0564222,0.003520665,1737224618.0560875,1737224618.0565884,0.00015969006612143676,50,1737633234.3928654
5_24,5,24,1737224626.3706627,0.004212278,1737224626.370421,1737224626.378305,0.00201815977331243,49,1737633234.9877105
0_25,0,25,1737224611.069531,0.003317741,1737224611.0691953,1737224611.0698223,0.00015447744514283148,50,1737633236.2667396
1_25,1,25,1737224614.314025,0.0035175200000000005,1737224614.3138068,1737224614.3144495,0.0001650913263959526,50,1737633236.6290076
3_25,3,25,1737224618.0571983,0.002887489,1737224618.0563276,1737224618.0616999,0.0013210704264344521,49,1737633237.0388463
5_25,5,25,1737224626.3712564,0.0038761670000000002,1737224626.3704357,1737224626.3771894,0.0013854852209926045,49,1737633238.5583076
0_26,0,26,1737224611.0695546,0.0031097100000000003,1737224611.069304,1737224611.069745,0.000100691787852931,49,1737633239.1250253
1_26,1,26,1737224614.31398,0.0037583365,1737224614.3136744,1737224614.3142543,0.00012656312782138686,50,1737633239.596019
3_26,3,26,1737224618.0563886,0.0036786960000000004,1737224618.0561152,1737224618.0569334,0.00015503721335475396,50,1737633241.7412314
5_26,5,26,1737224626.3706198,0.0045596280000000005,1737224626.3700457,1737224626.371081,0.00025164178270079506,50,1737633242.6667566
0_27,0,27,1737224611.0695264,0.0031273810000000003,1737224611.0692868,1737224611.06962,8.971714891052009e-05,50,1737633243.4307234
1_27,1,27,1737224614.3140497,0.0037656490000000003,1737224614.3138356,1737224614.3143082,0.00011722091846196156,50,1737633243.9953425
3_27,3,27,1737224618.0564036,0.004173744,1737224618.0558014,1737224618.0570729,0.00029586058437122605,50,1737633244.40784
5_27,5,27,1737224626.3706765,0.0031993885000000002,1737224626.3704338,1737224626.3708496,0.00010954615317233857,50,1737633247.0784893
0_28,0,28,1737224611.0695539,0.002998407,1737224611.069135,1737224611.0697017,0.00012171770743038824,50,1737633247.4835157
1_28,1,28,1737224614.31396,0.0038993325,1737224614.313476,1737224614.3143368,0.0001750202127405676,50,1737633247.9008408
3_28,3,28,1737224618.0563989,0.00343338,1737224618.0562353,1737224618.0566776,9.907852318508009e-05,50,1737633248.9451017
5_28,5,28,1737224626.370584,0.003556936,1737224626.3704238,1737224626.3707857,8.898802194780452e-05,50,1737633250.0370388
0_29,0,29,1737224611.069539,0.0038669725000000004,1737224611.0691004,1737224611.0698938,0.00019666014269931065,50,1737633250.7615566
1_29,1,29,1737224614.3139591,0.0037760375,1737224614.31329,1737224614.3142934,0.00020323001067561387,50,1737633251.820671
3_29,3,29,1737224618.0563684,0.0034754250000000003,1737224618.0559464,1737224618.056737,0.00017390800291679228,50,1737633252.70198
5_29,5,29,1737224626.3706055,0.003200875,1737224626.3703666,1737224626.3709269,0.0001063962937548533,50,1737633254.430393
0_30,0,30,1737224611.0695066,0.003547708,1737224611.0692563,1737224611.0698805,0.00013253569366539927,50,1737633254.856025
1_30,1,30,1737224614.313953,0.003102594,1737224614.3137245,1737224614.314313,0.00014528034112309924,50,1737633255.5580108
3_30,3,30,1737224618.0572813,0.002574472,1737224618.0562005,1737224618.0582995,0.0005760535127111679,49,1737633256.1668448
5_30,5,30,1737224626.3705745,0.0035114990000000004,1737224626.3703408,1737224626.3708177,0.0001315401086672438,50,1737633257.5104275
0_31,0,31,1737224611.0695105,0.0033748595,1737224611.0692701,1737224611.0699744,0.00015015757321584945,50,1737633258.305175
1_31,1,31,1737224614.3139791,0.0031556995000000003,1737224614.3136497,1737224614.31416,0.00012631552224959985,50,1737633258.7565372
3_31,3,31,1737224618.0563788,0.0034756160000000004,1737224618.0560913,1737224618.0598602,0.0008013468374217165,49,1737633259.4728208
5_31,5,31,1737224626.3714733,0.0028346680000000003,1737224626.3705392,1737224626.3833928,0.002770135887663786,49,1737633261.2970464
0_32,0,32,1737224611.0695128,0.003681032,1737224611.0692625,1737224611.0698054,0.00011967696956544225,50,1737633261.830099
1_32,1,32,1737224614.313957,0.0036295965000000003,1737224614.313709,1737224614.3146996,0.00018477783199935478,50,1737633262.4171498
3_32,3,32,1737224618.0563426,0.0040002035000000005,1737224618.0561275,1737224618.0565908,0.00013298257422647003,50,1737633262.8578086
5_32,5,32,1737224626.3706465,0.0031967500000000004,1737224626.3704515,1737224626.3708117,9.40857352353503e-05,50,1737633263.7641656
0_33,0,33,1737224611.0694883,0.0030840500000000005,1737224611.0692143,1737224611.0697968,0.00013025546039852594,50,1737633264.682778
1_33,1,33,1737224614.3139968,0.0033319510000000005,1737224614.3136523,1737224614.3141937,0.00013635125813025529,50,1737633268.4949946
3_33,3,33,1737224618.0576859,0.002966792,1737224618.056312,1737224618.0600066,0.0008732868575094075,49,1737633269.1354287
5_33,5,33,1737224626.3716512,0.00720506,1737224626.369506,1737224626.3973532,0.005770732396199668,49,1737633269.8025377
0_34,0,34,1737224611.0694783,0.005048213,1737224611.0687733,1737224611.0702968,0.0004104484438394286,50,1737633270.6290224
1_34,1,34,1737224614.314016,0.005114772,1737224614.3131056,1737224614.3146098,0.0003586892146419384,50,1737633271.3430681
3_34,3,34,1737224618.056357,0.0042392845,1737224618.0556836,1737224618.0571563,0.00028140260375330737,50,1737633272.10894
5_34,5,34,1737224626.3709264,0.003153111,1737224626.3703642,1737224626.3783278,0.001937779137042678,49,1737633274.5319176
0_35,0,35,1737224611.0695233,0.0032944125,1737224611.0691786,1737224611.069775,0.00014800572204042475,50,1737633275.146134
1_35,1,35,1737224614.314046,0.005222579,1737224614.3127983,1737224614.314929,0.0004787217781667222,50,1737633276.1540768
3_35,3,35,1737224618.0563214,0.004354029000000001,1737224618.0558195,1737224618.0566783,0.00020537106518145294,49,1737633277.067971
5_35,5,35,1737224626.3705044,0.005587692,1737224626.369534,1737224626.3717442,0.0005391757471335575,50,1737633278.5180953
0_36,0,36,1737224611.069545,0.005096969,1737224611.0686407,1737224611.07032,0.0003523918642331201,50,1737633279.728132
1_36,1,36,1737224614.3140843,0.0045412695,1737224614.313685,1737224614.3146324,0.00018596256692119317,50,1737633280.5260043
3_36,3,36,1737224618.0563865,0.004717026000000001,1737224618.0557055,1737224618.056998,0.00027501612346188817,50,1737633281.3968487
5_36,5,36,1737224626.3706234,0.004644215,1737224626.3699093,1737224626.3711553,0.0002642460218319362,50,1737633282.5943747
0_37,0,37,1737224611.0695739,0.005784909,1737224611.0689473,1737224611.0705256,0.000345981601150386,49,1737633283.2254922
1_37,1,37,1737224614.313996,0.003984370500000001,1737224614.31363,1737224614.3144684,0.00019665356394961848,50,1737633284.4105213
3_37,3,37,1737224618.0564303,0.0036926095,1737224618.0562077,1737224618.0566497,0.00010920565155942716,50,1737633284.8595564
5_37,5,37,1737224626.3704343,0.0061283055,1737224626.3696244,1737224626.3720727,0.0005427247315035091,50,1737633286.490998
0_38,0,38,1737224611.0694828,0.004734759,1737224611.0685067,1737224611.0701454,0.00039125270475382146,50,1737633287.2630033
1_38,1,38,1737224614.3138335,0.0049922155,1737224614.313055,1737224614.3148296,0.00038840917583256063,50,1737633288.0300093
3_38,3,38,1737224618.0564225,0.003901409,1737224618.0559797,1737224618.0688572,0.002734314041711425,48,1737633289.4638448
5_38,5,38,1737224626.370603,0.00439964,1737224626.3699846,1737224626.3713508,0.00032917709563906573,50,1737633290.3892195
0_39,0,39,1737224611.0694664,0.0036315700000000006,1737224611.0691485,1737224611.069748,0.00016069440530361534,50,1737633292.6347394
1_39,1,39,1737224614.3140035,0.0034848450000000003,1737224614.3132613,1737224614.3141503,0.0001764093206796821,50,1737633293.0590203
3_39,3,39,1737224618.0562968,0.003884355,1737224618.0560184,1737224618.0568452,0.00018710643503418414,50,1737633294.5794272
5_39,5,39,1737224626.3706338,0.004870719000000001,1737224626.3699746,1737224626.371395,0.0002739723154964179,50,1737633296.017013
0_40,0,40,1737224611.0695224,0.003982491,1737224611.0691872,1737224611.069727,0.0001336530493487367,50,1737633296.5300252
1_40,1,40,1737224614.3146625,0.0033338400000000002,1737224614.3138618,1737224614.3205287,0.0017594237491749092,49,1737633297.3807676
3_40,3,40,1737224618.0563438,0.0041501895,1737224618.0559497,1737224618.056929,0.0002160962134155702,50,1737633298.0671918
5_40,5,40,1737224626.3705883,0.003803615,1737224626.3700995,1737224626.370963,0.0001822855468322152,50,1737633299.7008064
0_41,0,41,1737224611.0695128,0.0053148605,1737224611.0693207,1737224611.0706396,0.0003660471184710222,50,1737633300.3753183
1_41,1,41,1737224614.3140283,0.0049326465,1737224614.3135283,1737224614.3151975,0.00037252176582883693,50,1737633301.4094722
3_41,3,41,1737224618.056286,0.006091219,1737224618.0556498,1737224618.057864,0.0005936660402629683,50,1737633302.3540452
5_41,5,41,1737224626.3705878,0.0031658955,1737224626.3704033,1737224626.370738,8.838519845295932e-05,50,1737633303.5831444
0_42,0,42,1737224611.0694985,0.0033819565000000004,1737224611.0693026,1737224611.070013,0.00013556967634958036,50,1737633304.3158307
1_42,1,42,1737224614.313992,0.0037974875,1737224614.3137631,1737224614.3146687,0.00022049908695539672,50,1737633304.9298248
3_42,3,42,1737224618.056336,0.003959349500000001,1737224618.0558767,1737224618.0566845,0.00018592847533332955,50,1737633305.339066
5_42,5,42,1737224626.3706195,0.004679497,1737224626.369837,1737224626.3711486,0.0002701263604430509,50,1737633305.844546
0_43,0,43,1737224611.0695271,0.0031945510000000003,1737224611.0693254,1737224611.0697327,9.856495117609039e-05,50,1737633307.3820605
1_43,1,43,1737224614.3140576,0.003255534,1737224614.3137207,1737224614.3142455,0.00011919032899750799,50,1737633307.8960683
3_43,3,43,1737224618.0564194,0.0037625640000000004,1737224618.056145,1737224618.0566597,0.00011960691893454206,50,1737633308.310941
5_43,5,43,1737224626.3706625,0.0037023420000000004,1737224626.3703585,1737224626.3734703,0.0005822588042105621,49,1737633309.2278666
0_44,0,44,1737224611.0695784,0.0043116965,1737224611.0689604,1737224611.0700464,0.0002831683080950968,50,1737633310.1036522
1_44,1,44,1737224614.313998,0.003552713,1737224614.3137126,1737224614.3143067,0.00017032372322241295,50,1737633310.6762114
3_44,3,44,1737224618.0563421,0.0036906295,1737224618.0562267,1737224618.0566823,0.0001173984994680684,50,1737633311.381044
4_44,4,44,1737224622.602706,0.0025251,1737224622.6023974,1737224622.602945,0.00012723565722057317,50,1737633312.4923635
5_44,5,44,1737224626.3704834,0.0042880655,1737224626.3697975,1737224626.3709178,0.00025094937560558216,50,1737633314.346708
0_45,0,45,1737224611.0695348,0.0036603505000000003,1737224611.0692143,1737224611.069829,0.0001664685095968914,50,1737633315.2538223
1_45,1,45,1737224614.3140295,0.003835959,1737224614.3135335,1737224614.3143487,0.00018100366071038636,50,1737633315.6820662
3_45,3,45,1737224618.0578196,0.002572151,1737224618.0566716,1737224618.0600572,0.0008168318468687976,49,1737633316.0876446
5_45,5,45,1737224626.3705752,0.005805743,1737224626.3693428,1737224626.37146,0.0005359636867582596,50,1737633317.014845
0_46,0,46,1737224611.0694435,0.005385297000000001,1737224611.0680876,1737224611.0705822,0.000569301019369508,50,1737633317.6352165
1_46,1,46,1737224614.3140101,0.0032295525000000003,1737224614.3137798,1737224614.3141885,0.00011012004692820562,50,1737633318.380923
3_46,3,46,1737224618.0565557,0.0036398050000000003,1737224618.0561588,1737224618.0684886,0.002470078919746377,49,1737633318.7579927
5_46,5,46,1737224626.3705983,0.0045351925,1737224626.3702235,1737224626.3713808,0.0002493593510047404,50,1737633319.859278
0_47,0,47,1737224611.0695043,0.0035247075000000004,1737224611.0693698,1737224611.0696807,8.953723318546071e-05,50,1737633320.572014
1_47,1,47,1737224614.3140063,0.0034004565000000002,1737224614.3137605,1737224614.3142498,0.0001080488800626289,50,1737633321.3102345
3_47,3,47,1737224618.0563378,0.004572505,1737224618.0557132,1737224618.0569856,0.00027653805826267317,50,1737633322.08083
5_47,5,47,1737224626.3705864,0.0034319595000000002,1737224626.370113,1737224626.3708005,0.0001601732071348306,50,1737633322.9662976
0_48,0,48,1737224611.0695434,0.00330072,1737224611.0690165,1737224611.06979,0.00014521041268683173,50,1737633323.6289945
1_48,1,48,1737224614.3139732,0.003758046,1737224614.3136783,1737224614.3145282,0.00017021007075799165,49,1737633324.3650324
3_48,3,48,1737224618.0563238,0.0036138745,1737224618.0560937,1737224618.056551,0.00011531430990582148,50,1737633325.0964959
5_48,5,48,1737224626.370604,0.0034758435000000003,1737224626.3703666,1737224626.3709779,0.00012580643354535352,50,1737633325.805807
0_49,0,49,1737224611.069546,0.003337894,1737224611.069038,1737224611.0697546,0.00017504925233997033,50,1737633326.170406
1_49,1,49,1737224614.313951,0.0031367275000000003,1737224614.3136716,1737224614.3142338,0.00014678892685188565,50,1737633327.6498024
3_49,3,49,1737224618.056331,0.0039503275,1737224618.0558343,1737224618.0566216,0.00015438689005883966,50,1737633327.9648893
5_49,5,49,1737224626.3706086,0.0039241585,1737224626.370162,1737224626.370995,0.00017324552469546355,50,1737633328.9901621
0_50,0,50,1737224611.0694804,0.0038754460000000003,1737224611.0690885,1737224611.070006,0.00019539832919513619,49,1737633330.0070162
1_50,1,50,1737224614.3139436,0.003929921500000001,1737224614.3134284,1737224614.3143876,0.00021509944506575108,50,1737633330.7270093
3_50,3,50,1737224618.056391,0.005156104,1737224618.0555027,1737224618.0572057,0.0003936195718968853,50,1737633331.6579783
4_50,4,50,1737224622.6027563,0.002613776,1737224622.602429,1737224622.6057472,0.0007383102150405241,49,1737633332.5115113
5_50,5,50,1737224626.370667,0.004033294,1737224626.3703027,1737224626.3710787,0.0001677831616292549,50,1737633333.425428
0_51,0,51,1737224611.06948,0.0036084715,1737224611.069037,1737224611.069699,0.00016033842128177303,50,1737633334.8241472
1_51,1,51,1737224614.313931,0.0035591865000000004,1737224614.31352,1737224614.3141446,0.00013226499261122847,50,1737633335.244389
3_51,3,51,1737224618.0564144,0.0037273510000000003,1737224618.0558746,1737224618.0565915,0.00016679396841359618,49,1737633335.657349
5_51,5,51,1737224626.37201,0.0021451250000000003,1737224626.3706923,1737224626.3762112,0.0011309724752684297,49,1737633336.6689014
0_52,0,52,1737224611.0695615,0.0035326230000000004,1737224611.0691166,1737224611.0697532,0.00014284868217661844,50,1737633337.199529
1_52,1,52,1737224614.3140018,0.0033817995,1737224614.313671,1737224614.31422,0.00013626440904682192,50,1737633337.8010397
3_52,3,52,1737224618.056345,0.0041215925,1737224618.0561042,1737224618.0571394,0.00021499806468397412,50,1737633338.7006285
4_52,4,52,1737224622.6026719,0.0033419450000000002,1737224622.602047,1737224622.6077719,0.0010791571250298143,49,1737633339.5755599
5_52,5,52,1737224626.3706222,0.0042465215,1737224626.3702388,1737224626.3713357,0.00022670253220844267,50,1737633340.5430095
0_53,0,53,1737224611.06953,0.0046362935,1737224611.0686536,1737224611.0703413,0.0003190392851090065,50,1737633341.3269842
1_53,1,53,1737224614.313997,0.0043136175,1737224614.3135262,1737224614.3146377,0.0002175799018043968,50,1737633341.8010693
3_53,3,53,1737224618.0565445,0.0036235730000000006,1737224618.0560691,1737224618.0589066,0.0007996502719269501,48,1737633344.0341015
4_53,4,53,1737224622.6026752,0.002309179,1737224622.6024659,1737224622.6028998,0.00011595342427248306,50,1737633345.1634638
5_53,5,53,1737224626.3725767,0.002881236,1737224626.370832,1737224626.3756833,0.001038519721561641,49,1737633345.4804657
0_54,0,54,1737224611.0695238,0.0046523835,1737224611.0686364,1737224611.0699222,0.0002658285516075424,50,1737633345.8907564
1_54,1,54,1737224614.31392,0.0043429535,1737224614.3132696,1737224614.3144064,0.0002591790111424853,50,1737633346.514024
3_54,3,54,1737224618.056333,0.0039113985,1737224618.0560071,1737224618.0567014,0.0001528827753358347,50,1737633347.621382
5_54,5,54,1737224626.3720393,0.0019478540000000002,1737224626.3712444,1737224626.3867917,0.003160891292452158,49,1737633348.2406251
0_55,0,55,1737224611.0695004,0.0036128975,1737224611.0692492,1737224611.0698588,0.00012943452836009265,50,1737633348.7720282
1_55,1,55,1737224614.3139482,0.0036807850000000002,1737224614.3137174,1737224614.3141484,0.00012352236261670523,50,1737633349.3944483
3_55,3,55,1737224618.05632,0.005284309500000001,1737224618.055202,1737224618.0572722,0.00043154552884535794,50,1737633350.0557714
4_55,4,55,1737224622.602745,0.0025215790000000004,1737224622.602538,1737224622.603572,0.0002642160082864764,49,1737633350.7398858
5_55,5,55,1737224626.3706121,0.003988976500000001,1737224626.370233,1737224626.3709269,0.00016793237335530504,50,1737633351.4239912
0_56,0,56,1737224611.0694745,0.0042944325000000005,1737224611.0686808,1737224611.0701313,0.00028346062444507136,50,1737633352.1058705
1_56,1,56,1737224614.3139558,0.0040702155,1737224614.3135457,1737224614.3144403,0.00018603549801818236,50,1737633352.8760297
3_56,3,56,1737224618.0563726,0.004254989000000001,1737224618.0560808,1737224618.056553,0.00014495207276669022,50,1737633353.5660257
4_56,4,56,1737224622.6025922,0.002568669,1737224622.6022522,1737224622.6028595,0.00011341113455545943,50,1737633354.7978933
5_56,5,56,1737224626.3710084,0.003939925,1737224626.3702464,1737224626.373035,0.0007718619245662922,49,1737633355.3149073
0_57,0,57,1737224611.069501,0.004326868,1737224611.0689273,1737224611.069832,0.00021889109313160212,49,1737633356.2962651
1_57,1,57,1737224614.3139687,0.0049589235,1737224614.3133304,1737224614.3149216,0.00034631424539223205,50,1737633357.105999
3_57,3,57,1737224618.056584,0.004622084,1737224618.0560129,1737224618.0631163,0.002024079982870772,49,1737633358.0907125
4_57,4,57,1737224622.6032932,0.003365499,1737224622.6023932,1737224622.609755,0.001539080573798264,49,1737633358.6685126
5_57,5,57,1737224626.371223,0.00464728,1737224626.3704143,1737224626.375564,0.0013831135943227265,49,1737633360.423179
0_58,0,58,1737224611.0695682,0.005321886500000001,1737224611.0684633,1737224611.0704126,0.00037668104056618915,50,1737633361.5978417
1_58,1,58,1737224614.3140106,0.005516179500000001,1737224614.3126445,1737224614.3148572,0.000456059335350312,50,1737633362.9049935
3_58,3,58,1737224618.0567765,0.002882729,1737224618.0562243,1737224618.0593283,0.0008218499378211472,49,1737633364.1140285
5_58,5,58,1737224626.3705802,0.0042425485,1737224626.3702936,1737224626.370988,0.00017635333494214937,50,1737633364.7347803
0_59,0,59,1737224611.0694466,0.0046008905,1737224611.0687053,1737224611.069978,0.00035983431451658374,50,1737633365.1605396
1_59,1,59,1737224614.3140006,0.003517145,1737224614.3136368,1737224614.3142276,0.00015705029767931498,50,1737633366.1328294
3_59,3,59,1737224618.056231,0.004629104,1737224618.0556026,1737224618.0564222,0.00021773297361340644,50,1737633367.3797421
4_59,4,59,1737224622.6026845,0.0026274085,1737224622.6024327,1737224622.6029284,0.00014290346628808838,50,1737633367.8502467
5_59,5,59,1737224626.3705535,0.005491393000000001,1737224626.3697557,1737224626.374858,0.001198184816105714,49,1737633368.4222326
0_60,0,60,1737224611.0694854,0.005210412,1737224611.0683384,1737224611.070172,0.0003795516788949195,50,1737633369.4519894
1_60,1,60,1737224614.3139257,0.005074526,1737224614.3130813,1737224614.3148868,0.0004048112417615431,50,1737633369.9581463
3_60,3,60,1737224618.0570164,0.004660208,1737224618.0556297,1737224618.0699909,0.0029464118856214914,49,1737633370.5764065
5_60,5,60,1737224626.3706288,0.0035304595000000003,1737224626.3702283,1737224626.370812,0.00015381407544655688,50,1737633372.7120051
0_61,0,61,1737224611.0694485,0.0036686775,1737224611.0691104,1737224611.0698636,0.0001592786790378229,50,1737633373.4138575
1_61,1,61,1737224614.3139482,0.0033477970000000004,1737224614.3137155,1737224614.3142796,0.00013064354838660645,50,1737633373.8460212
3_61,3,61,1737224618.0563376,0.003416478,1737224618.0559115,1737224618.0565808,0.0001543014409383374,49,1737633374.6246278
4_61,4,61,1737224622.6026478,0.0024792465,1737224622.6024323,1737224622.6028457,0.00010228034776788247,50,1737633375.2148259
5_61,5,61,1737224626.3705468,0.0036086150000000003,1737224626.370228,1737224626.3708878,0.0001756216305883671,50,1737633376.160094
0_62,0,62,1737224611.069439,0.003823888,1737224611.0690556,1737224611.0696168,0.0001372331956583769,50,1737633376.6140604
1_62,1,62,1737224614.3139699,0.0041101825,1737224614.3134766,1737224614.314264,0.0001585206817913217,50,1737633377.0196373
3_62,3,62,1737224618.0571365,0.003077158,1737224618.0561612,1737224618.0600724,0.0008630027562719313,49,1737633378.6648219
5_62,5,62,1737224626.3704429,0.0045616615,1737224626.3697555,1737224626.3710957,0.00030171723009346263,50,1737633380.6921997
0_63,0,63,1737224611.0694346,0.004352665,1737224611.0688043,1737224611.0699825,0.0002617664453135382,50,1737633382.303099
1_63,1,63,1737224614.313961,0.0045776025,1737224614.312931,1737224614.3149214,0.0004148725908133798,50,1737633383.6823728
3_63,3,63,1737224618.0562596,0.003860094,1737224618.0559473,1737224618.056629,0.00017670509400338468,50,1737633384.1869364
4_63,4,63,1737224622.6026516,0.00251191,1737224622.602426,1737224622.602824,0.00011446261572781364,49,1737633384.8603108
5_63,5,63,1737224626.3705502,0.003458968,1737224626.370257,1737224626.3707728,0.00011303636799956946,50,1737633386.4267561
0_64,0,64,1737224611.069438,0.0037226860000000002,1737224611.069025,1737224611.0700495,0.000232102973789474,50,1737633387.2201269
1_64,1,64,1737224614.3139887,0.00408738,1737224614.313774,1737224614.314364,0.00014806897894681972,50,1737633388.0305526
3_64,3,64,1737224618.056418,0.0033779425,1737224618.056016,1737224618.0566397,0.00014518404967842646,50,1737633388.5854528
5_64,5,64,1737224626.3717384,0.002826883,1737224626.3703845,1737224626.3738172,0.0008773385280672704,49,1737633389.1968257
0_65,0,65,1737224611.06946,0.0030440905000000003,1737224611.0692515,1737224611.0697184,9.505612107101638e-05,50,1737633389.6169991
1_65,1,65,1737224614.3139887,0.0034948170000000003,1737224614.3137984,1737224614.314534,0.00015407263093420755,50,1737633390.0302346
3_65,3,65,1737224618.0562787,0.004138955,1737224618.0559497,1737224618.056873,0.00018947604942398232,50,1737633390.6348412
5_65,5,65,1737224626.3718872,0.0040951040000000005,1737224626.3703656,1737224626.3802116,0.002049692916569139,49,1737633391.2566638
0_66,0,66,1737224611.0695271,0.003565215,1737224611.0693069,1737224611.0697045,0.00010497618501193088,50,1737633392.059087
1_66,1,66,1737224614.3139603,0.004133643000000001,1737224614.3136544,1737224614.314519,0.00021306783720209248,50,1737633392.6860492
3_66,3,66,1737224618.0564892,0.002924653,1737224618.0562062,1737224618.0589705,0.0008233884624567988,49,1737633393.1988842
5_66,5,66,1737224626.371843,0.0025397560000000002,1737224626.3707242,1737224626.388728,0.0034483759701286055,49,1737633394.2167864
0_67,0,67,1737224611.0695286,0.0033831075000000004,1737224611.0692058,1737224611.06989,0.0001686906458062654,50,1737633394.8415565
1_67,1,67,1737224614.3139634,0.0043547385,1737224614.3132372,1737224614.314531,0.0003175085161542769,50,1737633395.2708726
3_67,3,67,1737224618.057993,0.0029272060000000003,1737224618.05652,1737224618.0681243,0.0025175197784953005,49,1737633396.3594317
5_67,5,67,1737224626.3705757,0.003609058,1737224626.370282,1737224626.3709297,0.0001457402987279574,50,1737633398.816903
0_68,0,68,1737224611.0694935,0.0031249385000000005,1737224611.0693154,1737224611.0696816,9.222537296030593e-05,50,1737633399.5474536
1_68,1,68,1737224614.313973,0.004203200000000001,1737224614.3131175,1737224614.3144813,0.0003056760911364313,50,1737633400.2346692
3_68,3,68,1737224618.0563452,0.00505571,1737224618.0555453,1737224618.0566149,0.0002770844803447494,50,1737633401.595722
5_68,5,68,1737224626.370572,0.0031741750000000004,1737224626.3704305,1737224626.3708613,0.00010015401220520645,50,1737633424.5375278
0_69,0,69,1737224611.0694923,0.0031098815,1737224611.0692806,1737224611.069622,9.33565325165866e-05,50,1737633424.9443667
1_69,1,69,1737224614.313957,0.003552149,1737224614.3137138,1737224614.3143005,0.00015132357909874934,50,1737633425.4879496
3_69,3,69,1737224618.0563228,0.004851764000000001,1737224618.0556054,1737224618.0569386,0.00032026753797963296,50,1737633426.5681503
5_69,5,69,1737224626.370604,0.0036404900000000006,1737224626.370247,1737224626.3708503,0.00015429443979623946,50,1737633430.16486
0_70,0,70,1737224611.069534,0.0031630975000000003,1737224611.0692425,1737224611.0697393,0.00014215877669896695,50,1737633430.9791875
1_70,1,70,1737224614.3139591,0.005040143,1737224614.3131318,1737224614.3150296,0.0004682627786851774,50,1737633431.8776314
3_70,3,70,1737224618.056324,0.0050837225,1737224618.0551643,1737224618.057178,0.0004304710083745825,50,1737633433.1237936
5_70,5,70,1737224626.3717933,0.00286335,1737224626.3709023,1737224626.375165,0.0010134246910709834,49,1737633436.719749
0_71,0,71,1737224611.0694466,0.003351572,1737224611.0691762,1737224611.069631,0.00012471851574800112,50,1737633438.3439553
1_71,1,71,1737224614.3140006,0.0028842845,1737224614.3137298,1737224614.3141477,8.866623799791552e-05,50,1737633439.4536586
3_71,3,71,1737224618.0565703,0.006130499,1737224618.0550532,1737224618.0736434,0.003527410631371649,49,1737633440.3090081
5_71,5,71,1737224626.3706245,0.0030675340000000002,1737224626.3704414,1737224626.3709064,0.0001037520846686469,50,1737633444.3954701
0_72,0,72,1737224611.069548,0.004117340000000001,1737224611.0690126,1737224611.0699887,0.00023104411327162056,49,1737633446.95666
1_72,1,72,1737224614.3139892,0.0034269885000000003,1737224614.313703,1737224614.3143563,0.00012815290270303415,50,1737633447.5809813
3_72,3,72,1737224618.0575056,0.003140069,1737224618.056417,1737224618.063476,0.0018025678706136414,49,1737633447.9911573
5_72,5,72,1737224626.3705764,0.0035749575,1737224626.3703089,1737224626.3708606,0.00011594208968630132,50,1737633450.529927
0_73,0,73,1737224611.06959,0.0030973275,1737224611.0693328,1737224611.0699759,0.00013159629183441158,50,1737633451.1532745
1_73,1,73,1737224614.3140154,0.002994201,1737224614.3137946,1737224614.3141425,8.478770754662392e-05,50,1737633451.612031
3_73,3,73,1737224618.0564408,0.0033540265,1737224618.0561032,1737224618.0603004,0.000902488992590393,48,1737633452.1811247
5_73,5,73,1737224626.3706355,0.003511676,1737224626.3704138,1737224626.371162,0.00016017652174685798,50,1737633453.1028395
0_74,0,74,1737224611.0695555,0.003982353000000001,1737224611.0688345,1737224611.0700526,0.0002734282558019556,50,1737633453.722641
1_74,1,74,1737224614.3140373,0.0035646795,1737224614.313694,1737224614.3142347,0.0001297266928564009,50,1737633454.533608
3_74,3,74,1737224618.0564032,0.003578792,1737224618.0560427,1737224618.056854,0.0001767298748959074,50,1737633455.5540698
5_74,5,74,1737224626.3707743,0.003356083,1737224626.3704715,1737224626.3710217,0.00013174368669770304,50,1737633457.1964915
0_75,0,75,1737224611.0696251,0.0031203425000000005,1737224611.0693536,1737224611.0699756,0.00013358972332313819,50,1737633457.9339895
1_75,1,75,1737224614.3140593,0.0034173795000000005,1737224614.313828,1737224614.3145075,0.00016249645595165042,50,1737633458.6280363
3_75,3,75,1737224618.0564337,0.0042452125,1737224618.0556035,1737224618.0570588,0.0002769246565245296,50,1737633459.315305
5_75,5,75,1737224626.370536,0.0054951520000000005,1737224626.3699622,1737224626.3721952,0.00046027304127512685,48,1737633461.298225
0_76,0,76,1737224611.0695436,0.003671067,1737224611.0692248,1737224611.0697794,0.0001457169485085173,47,1737633462.4651546
1_76,1,76,1737224614.3139818,0.0035108345,1737224614.3135238,1737224614.314437,0.00020015918891702644,50,1737633463.1447237
3_76,3,76,1737224618.0564423,0.003211678,1737224618.0561683,1737224618.0566726,0.00013452399389914856,50,1737633464.8737645
5_76,5,76,1737224626.3707361,0.0033704560000000004,1737224626.3703713,1737224626.3755136,0.0014524299403450138,49,1737633465.5940204
0_77,0,77,1737224611.0695524,0.004799333,1737224611.0687103,1737224611.0702758,0.0003222014435691562,50,1737633466.1260066
1_77,1,77,1737224614.314125,0.004584991,1737224614.3136373,1737224614.3145723,0.00022759763742088017,50,1737633466.796043
3_77,3,77,1737224618.0565484,0.004907338000000001,1737224618.0561614,1737224618.0583315,0.0005813099289654368,49,1737633468.4501872
5_77,5,77,1737224626.3705788,0.006605708,1737224626.3693175,1737224626.3711748,0.000523112326154818,50,1737633469.1820536
0_78,0,78,1737224611.0695817,0.0036069565000000003,1737224611.0693955,1737224611.0699766,0.00014284285639923442,50,1737633470.0954373
1_78,1,78,1737224614.3139672,0.0045079665,1737224614.3133783,1737224614.3149235,0.0002972356116281028,50,1737633470.4637058
3_78,3,78,1737224618.05645,0.003450382,1737224618.0562568,1737224618.0566788,0.00012910516417482835,50,1737633471.5486698
5_78,5,78,1737224626.3707774,0.0035709170000000003,1737224626.3702173,1737224626.373483,0.0008832630940726913,49,1737633472.1512377
0_79,0,79,1737224611.0695488,0.0037489165000000003,1737224611.069134,1737224611.0700977,0.0001696668224076359,50,1737633472.663365
1_79,1,79,1737224614.3141334,0.0030643315,1737224614.313827,1737224614.3142881,0.00010385834038285792,50,1737633473.484703
3_79,3,79,1737224618.056467,0.004522389,1737224618.055831,1737224618.0588465,0.0006691230306902366,49,1737633474.1956496
5_79,5,79,1737224626.370715,0.0035068580000000003,1737224626.3704486,1737224626.3709803,0.00013308962200355128,49,1737633474.813851
0_80,0,80,1737224611.0695744,0.003504323,1737224611.0692859,1737224611.0699537,0.0001542096677640085,50,1737633475.732779
1_80,1,80,1737224614.314067,0.003474079,1737224614.3138711,1737224614.3144884,0.00015059831796245215,50,1737633476.42416
3_80,3,80,1737224618.0572839,0.002759713,1737224618.056241,1737224618.057511,0.00040958845165857134,49,1737633476.8601203
5_80,5,80,1737224626.3714447,0.004442606,1737224626.3705535,1737224626.3822608,0.002841840273534496,49,1737633477.2691019
0_81,0,81,1737224611.0696645,0.0036399480000000005,1737224611.0694518,1737224611.0700192,0.0001219742087460529,50,1737633478.2438538
1_81,1,81,1737224614.3141217,0.0034431085,1737224614.3138156,1737224614.3142965,0.00013023578602284192,50,1737633479.2060914
3_81,3,81,1737224618.0578246,0.002521893,1737224618.0564132,1737224618.068081,0.0023857043506543764,48,1737633480.0751808
4_81,4,81,1737633411.7013707,0.004212737,1737633411.7007718,1737633411.7022648,0.0002590125763509644,50,1737633481.9672112
5_81,5,81,1737224626.3707228,0.0031290470000000003,1737224626.3704748,1737224626.3709362,0.00011351554982412965,50,1737633482.804225
0_82,0,82,1737224611.0696044,0.0036202925000000004,1737224611.069316,1737224611.0698948,0.00012389589327549755,50,1737633483.2234058
1_82,1,82,1737224614.3141265,0.003267264,1737224614.313982,1737224614.3145084,0.0001228362228940554,50,1737633484.0926535
3_82,3,82,1737224618.0564303,0.0034149740000000003,1737224618.0558484,1737224618.0567985,0.00019151494127118033,50,1737633484.7362857
4_82,4,82,1737633411.7012935,0.0028331305000000003,1737633411.701197,1737633411.7015038,6.697953190509068e-05,50,1737633485.182779
5_82,5,82,1737224626.370779,0.0036496355,1737224626.3705869,1737224626.3712227,0.00016206501818352088,50,1737633485.769105
0_83,0,83,1737224611.069559,0.003120601,1737224611.0693746,1737224611.0697882,0.00010068281944236277,50,1737633486.181749
1_83,1,83,1737224614.314043,0.0037547745000000004,1737224614.3136597,1737224614.3142753,0.00016512326885081573,50,1737633486.7974162
3_83,3,83,1737224618.056523,0.004151298,1737224618.0558372,1737224618.057192,0.0002652253875187727,50,1737633487.249974
4_83,4,83,1737633411.701331,0.002706635,1737633411.7011764,1737633411.7014942,8.54895089096582e-05,50,1737633488.0219846
5_83,5,83,1737224626.370739,0.0030461205,1737224626.3704028,1737224626.3709807,0.00011579397147857668,50,1737633488.7412086
0_84,0,84,1737224611.0695944,0.0032481695,1737224611.0692754,1737224611.0698738,0.0001489500681623833,50,1737633489.1531024
1_84,1,84,1737224614.3140786,0.002921709,1737224614.3138685,1737224614.314311,0.0001251349446168704,50,1737633489.562943
3_84,3,84,1737224618.0564628,0.004774962000000001,1737224618.055749,1737224618.057036,0.00030326983838385333,50,1737633490.1751778
4_84,4,84,1737633411.7012591,0.006342782,1737633411.699449,1737633411.70228,0.000713698430671729,50,1737633490.9043741
5_84,5,84,1737224626.3707523,0.0041911695,1737224626.3700356,1737224626.3711147,0.00023554711666217597,50,1737633491.9194896
0_85,0,85,1737224611.0695734,0.0031934105000000004,1737224611.0692377,1737224611.0697196,0.00012435205489195274,50,1737633492.4468632
1_85,1,85,1737224614.3140736,0.0040949160000000005,1737224614.313236,1737224614.314927,0.0002928894410284974,50,1737633493.094751
3_85,3,85,1737224618.0565152,0.0044757749999999995,1737224618.055786,1737224618.0571587,0.0003015737786461619,50,1737633494.7503521
4_85,4,85,1737633411.703125,0.003217956,1737633411.7012818,1737633411.7229037,0.004496209931755461,49,1737633495.6016123
5_85,5,85,1737224626.370736,0.004213627,1737224626.3701665,1737224626.371444,0.00024029873985574772,50,1737633496.4203818
0_86,0,86,1737224611.0696821,0.004540807000000001,1737224611.068633,1737224611.070581,0.00043166693441491235,50,1737633497.1416998
1_86,1,86,1737224614.3141341,0.004549256,1737224614.3134665,1737224614.3148289,0.0003469617498537053,50,1737633497.8150659
3_86,3,86,1737224618.0565252,0.0034548820000000003,1737224618.0559244,1737224618.0567274,0.00016345698188429192,50,1737633498.7747307
4_86,4,86,1737633411.7023926,0.003982063,1737633411.7009332,1737633411.706635,0.0014159176685222717,49,1737633499.1908274
5_86,5,86,1737224626.3721135,0.0030208780000000003,1737224626.3707385,1737224626.3788369,0.0015728640285001816,49,1737633500.30087
0_87,0,87,1737224611.069671,0.0037067800000000002,1737224611.0692363,1737224611.0702553,0.00019944282319571093,50,1737633500.8644009
1_87,1,87,1737224614.3141122,0.0038584985,1737224614.3137064,1737224614.314381,0.00014922839608169557,50,1737633502.24864
3_87,3,87,1737224618.0564876,0.0033646965,1737224618.0561423,1737224618.056838,0.00016386351972461145,50,1737633503.0056565
4_87,4,87,1737633411.7013226,0.0037694105000000006,1737633411.7008634,1737633411.7017293,0.0002309225816065502,50,1737633503.4187746
5_87,5,87,1737224626.3707137,0.003498938,1737224626.370506,1737224626.370822,9.218405570272674e-05,50,1737633504.809476
0_88,0,88,1737224611.069625,0.0032657270000000004,1737224611.0693512,1737224611.0698814,0.0001235169046750988,50,1737633505.4845617
1_88,1,88,1737224614.3140574,0.004082114,1737224614.3135045,1737224614.3144786,0.00021847403204769495,50,1737633505.8494766
3_88,3,88,1737224618.056488,0.0043541230000000005,1737224618.0557613,1737224618.0570855,0.00030486185721307577,49,1737633506.7494254
4_88,4,88,1737633411.7012966,0.0039573640000000005,1737633411.7008007,1737633411.7020867,0.0002954804664316694,49,1737633507.7299042
5_88,5,88,1737224626.3708997,0.003205299,1737224626.370567,1737224626.3734717,0.0007378821062426878,49,1737633508.619304
0_89,0,89,1737224611.0693665,0.010073723000000001,1737224611.0668502,1737224611.085239,0.004904768659084069,49,1737633510.1375568
1_89,1,89,1737224614.3141222,0.0061416185,1737224614.3134027,1737224614.3153725,0.0005098722518141128,50,1737633511.4810517
3_89,3,89,1737224618.0564754,0.003661056,1737224618.0560663,1737224618.056911,0.0001711413533557038,50,1737633512.0916307
4_89,4,89,1737633411.701336,0.004406701,1737633411.7005672,1737633411.7022395,0.00036101672439813645,49,1737633512.9233372
5_89,5,89,1737224626.3709161,0.003789633,1737224626.3703728,1737224626.3763423,0.00165573536776416,49,1737633513.8284657
0_90,0,90,1737224611.069632,0.004243568,1737224611.068944,1737224611.0701957,0.0002797820073282583,50,1737633515.0545022
1_90,1,90,1737224614.3141365,0.0035196735000000002,1737224614.3139734,1737224614.3143888,0.00012262464366378427,50,1737633515.7791874
3_90,3,90,1737224618.0564651,0.00424707,1737224618.0559912,1737224618.057017,0.00021597396729175993,50,1737633516.374832
5_90,5,90,1737224626.3723545,0.0032456275000000002,1737224626.370755,1737224626.3775253,0.0015529960651237832,48,1737633518.3368506
0_91,0,91,1737224611.0697074,0.00515612,1737224611.0683477,1737224611.0706968,0.0004795066425503388,50,1737633519.157899
1_91,1,91,1737224614.3141592,0.004845968000000001,1737224614.3138218,1737224614.3150587,0.0002761558836430547,50,1737633519.926985
3_91,3,91,1737224618.057526,0.004099439,1737224618.0560806,1737224618.0700915,0.00338692562954817,49,1737633520.4979682
5_91,5,91,1737224626.372193,0.0034262285,1737224626.3706095,1737224626.489285,0.023393488206462056,48,1737633521.4107144
0_92,0,92,1737224611.0697062,0.0034271805000000003,1737224611.069265,1737224611.0698895,0.0001460858399183048,50,1737633522.0322108
1_92,1,92,1737224614.3141928,0.0038868830000000003,1737224614.3135862,1737224614.3146944,0.0002458639528705779,50,1737633522.4165533
3_92,3,92,1737224618.05647,0.004225124,1737224618.0559468,1737224618.05684,0.00019946455695817305,50,1737633523.0455008
5_92,5,92,1737224626.3722577,0.0024006765,1737224626.3710022,1737224626.3838825,0.0024659159103712653,48,1737633523.6629286
0_93,0,93,1737224611.0695858,0.003976071,1737224611.0692947,1737224611.070397,0.000230158829712833,50,1737633524.3750038
1_93,1,93,1737224614.3141768,0.003487402,1737224614.3138814,1737224614.3145432,0.00014156532331284654,50,1737633524.7986615
3_93,3,93,1737224618.0565486,0.005115424,1737224618.0556512,1737224618.057942,0.00045317751269061536,49,1737633525.3982747
5_93,5,93,1737224626.3707843,0.004633537,1737224626.370226,1737224626.372501,0.0005377283475029761,49,1737633527.3389025
0_94,0,94,1737224611.0697026,0.0040188685,1737224611.0693245,1737224611.0704808,0.0002937595242774691,50,1737633527.9691057
1_94,1,94,1737224614.3141465,0.0044262915,1737224614.3135529,1737224614.3147693,0.0003136841814130551,50,1737633528.525323
3_94,3,94,1737224618.0577645,0.0032504840000000005,1737224618.0564733,1737224618.0626707,0.0014297408811617368,48,1737633529.1869931
5_94,5,94,1737224626.3707955,0.004065050000000001,1737224626.3702266,1737224626.3712704,0.00021245634096397347,50,1737633530.007091
0_95,0,95,1737224611.0697165,0.004463641000000001,1737224611.0690484,1737224611.070261,0.00022611557205453006,50,1737633530.4159257
1_95,1,95,1737224614.3141549,0.003979509500000001,1737224614.313879,1737224614.3147612,0.00022833717131490324,50,1737633531.138853
3_95,3,95,1737224618.056499,0.005389442,1737224618.0559034,1737224618.0569632,0.0002622954561955215,50,1737633531.6431923
5_95,5,95,1737224626.3707728,0.004612542,1737224626.3701377,1737224626.3715165,0.00032762753040476534,49,1737633532.8534472
0_96,0,96,1737224611.0697308,0.0035643165000000003,1737224611.0695136,1737224611.0699797,0.00011567638016507139,50,1737633533.6919434
1_96,1,96,1737224614.3140821,0.0039256135,1737224614.313882,1737224614.314356,0.00014154575918033354,50,1737633534.333397
3_96,3,96,1737224618.0565927,0.003867011,1737224618.0561507,1737224618.065746,0.0019593076787172386,49,1737633534.930936
5_96,5,96,1737224626.3719025,0.003502831,1737224626.3706903,1737224626.3775086,0.0015646840613001037,49,1737633536.253874
0_97,0,97,1737224611.0696106,0.00487335,1737224611.0693202,1737224611.070519,0.00032828345483137787,50,1737633536.768524
1_97,1,97,1737224614.31411,0.0056998380000000005,1737224614.3127139,1737224614.3149862,0.0004930918779656411,50,1737633537.5821955
3_97,3,97,1737224618.0566442,0.0032964685,1737224618.056262,1737224618.0568378,0.00013601717877727022,50,1737633538.306041
5_97,5,97,1737224626.3707213,0.004304022,1737224626.3701243,1737224626.3715014,0.00031092952203965314,50,1737633540.3364427
0_98,0,98,1737224611.069615,0.0034465495,1737224611.069188,1737224611.0698724,0.00013298771207780071,50,1737633541.0195277
1_98,1,98,1737224614.3142054,0.004312786000000001,1737224614.3137374,1737224614.3147695,0.0002343857873775464,50,1737633541.9808471
3_98,3,98,1737224618.0574784,0.0029973870000000002,1737224618.056449,1737224618.0607464,0.0009105929326116101,49,1737633543.8286371
5_98,5,98,1737224626.3720012,0.003280119,1737224626.3705516,1737224626.3781645,0.0019530504824648912,49,1737633545.0604637
0_99,0,99,1737224611.0697112,0.0041289585,1737224611.0691125,1737224611.0702138,0.00028376530407014293,50,1737633545.5791454
1_99,1,99,1737224614.3142614,0.003471602,1737224614.3139482,1737224614.3147259,0.00016989010007720888,50,1737633546.9367733
3_99,3,99,1737224618.056571,0.0042574945,1737224618.056203,1737224618.0569959,0.00019349803941772967,50,1737633547.4161453
5_99,5,99,1737224626.3708036,0.0036315755000000003,1737224626.3706093,1737224626.3710694,0.00011992373949694051,50,1737633548.341432
