#,phone,iter,tlag,dtmedian,tmin,tmax,tstd,n,t0
0_0,0,0,1737224611.0696244,0.003073681,1737224611.0693116,1737224611.0699165,0.00012145611540359273,50,1737632721.0189762
1_0,1,0,1737224614.31416,0.0031355345000000003,1737224614.3138819,1737224614.3144298,0.00011801842004931813,50,1737632721.5600822
3_0,3,0,1737224618.0565996,0.003380454,1737224618.0562027,1737224618.05683,0.00013602936458984084,50,1737632723.1791391
4_0,4,0,1737224622.6038938,0.001960537,1737224622.6033916,1737224622.6044822,0.00031093755342201157,49,1737632723.9260914
5_0,5,0,1737224626.3707986,0.0031785570000000003,1737224626.3706775,1737224626.3710923,9.299313663794352e-05,50,1737632724.640735
0_1,0,1,1737224611.0697174,0.0037425820000000004,1737224611.069395,1737224611.0700383,0.00014835823182380315,49,1737632725.1384676
1_1,1,1,1737224614.3141212,0.003262473,1737224614.313825,1737224614.3145313,0.00015451470888164971,50,1737632726.1525335
3_1,3,1,1737224618.0565853,0.0033799295,1737224618.0563374,1737224618.0568178,0.00011505310903920216,50,1737632726.7664871
4_1,4,1,1737224622.602796,0.003273067,1737224622.602605,1737224622.6033273,0.00014378233642600095,50,1737632727.1800497
5_1,5,1,1737224626.3720267,0.002128437,1737224626.3711596,1737224626.3742557,0.0005336623417843487,49,1737632727.5957747
0_2,0,2,1737224611.0697374,0.0035099265,1737224611.0695224,1737224611.0702248,0.00014848214498329365,50,1737632728.30889
1_2,1,2,1737224614.3141522,0.0030986850000000003,1737224614.3139107,1737224614.3143227,0.00011614881092840175,50,1737632729.1268327
3_2,3,2,1737224618.05658,0.0034241635,1737224618.0564024,1737224618.056881,0.00011170469949931353,50,1737632729.735294
4_2,4,2,1737224622.6027708,0.003152421,1737224622.6025238,1737224622.6030662,0.00011679069829850786,50,1737632730.1465747
5_2,5,2,1737224626.370766,0.00369124,1737224626.3703804,1737224626.3729355,0.0005283507456892725,49,1737632730.8702228
0_3,0,3,1737224611.0696855,0.0031877580000000006,1737224611.0693278,1737224611.0699663,0.00013750670789676987,50,1737632732.0043209
1_3,1,3,1737224614.3141418,0.0030371885000000003,1737224614.3139586,1737224614.31431,0.0001009081617981431,50,1737632732.602951
3_3,3,3,1737224618.0575602,0.0025262460000000002,1737224618.0564175,1737224618.0589876,0.0005519242658904511,49,1737632734.448908
4_3,4,3,1737224622.6026998,0.0041786390000000005,1737224622.602262,1737224622.6031852,0.00023808577197542355,50,1737632735.264772
5_3,5,3,1737224626.3707952,0.005003724,1737224626.3699157,1737224626.371758,0.0003958407284000125,50,1737632735.8991263
0_4,0,4,1737224611.069622,0.0031020195000000003,1737224611.0694458,1737224611.069774,9.50660234105771e-05,50,1737632736.921131
1_4,1,4,1737224614.3140814,0.00408117,1737224614.3134658,1737224614.3144417,0.00020692323619187197,50,1737632737.6129405
3_4,3,4,1737224618.056619,0.0031282930000000003,1737224618.0562768,1737224618.0658784,0.002855009446484349,49,1737632738.1330092
4_4,4,4,1737224622.6027904,0.0043392005,1737224622.6021073,1737224622.6033347,0.0002615331231452516,50,1737632738.6470063
5_4,5,4,1737224626.3707905,0.0034555260000000004,1737224626.3704636,1737224626.3710432,0.00013530739804940812,50,1737632740.1770008
0_5,0,5,1737224611.069731,0.0033279700000000004,1737224611.069403,1737224611.069881,0.00012988860385283293,50,1737632740.7458725
1_5,1,5,1737224614.3141553,0.0033932660000000003,1737224614.3137507,1737224614.3143604,0.0001247213388542837,49,1737632741.3743026
3_5,3,5,1737224618.0565774,0.0031130255000000003,1737224618.0560503,1737224618.0567455,0.0001527397100841807,50,1737632742.125229
4_5,4,5,1737224622.6027868,0.0032900470000000004,1737224622.6026545,1737224622.6051457,0.0007570449498115973,49,1737632742.6375566
5_5,5,5,1737224626.3708036,0.0035405275000000005,1737224626.3701582,1737224626.3711076,0.00020173065849371166,50,1737632743.1627643
0_6,0,6,1737224611.0696697,0.0034118290000000003,1737224611.0694017,1737224611.070126,0.0001436617930895996,50,1737632743.9953423
1_6,1,6,1737224614.3140812,0.0047179865,1737224614.3134048,1737224614.3146887,0.0003251945866493087,50,1737632744.60295
3_6,3,6,1737224618.0579605,0.002481243,1737224618.05695,1737224618.0621767,0.0009871203555286987,48,1737632745.4052222
4_6,4,6,1737224622.6027517,0.0040642515,1737224622.6025834,1737224622.6034617,0.00018182425484480831,50,1737632746.128695
5_6,5,6,1737224626.3708482,0.0035229450000000004,1737224626.370247,1737224626.3710608,0.0001607416362869059,50,1737632746.6352346
0_7,0,7,1737224611.0696435,0.0032507895,1737224611.0694036,1737224611.0699155,0.00013125878014016122,50,1737632747.0457788
1_7,1,7,1737224614.314127,0.004613556,1737224614.3134131,1737224614.3148065,0.000291842272307304,50,1737632747.9422207
3_7,3,7,1737224618.0566487,0.00367496,1737224618.0560908,1737224618.0599155,0.0009656638152496669,49,1737632749.4971957
4_7,4,7,1737224622.6027482,0.0033813970000000004,1737224622.6024547,1737224622.602967,0.00012864296814477522,50,1737632750.422813
5_7,5,7,1737224626.37181,0.0029370700000000004,1737224626.3707328,1737224626.380324,0.0018646405791343235,49,1737632750.8302574
0_8,0,8,1737224611.069701,0.004384890000000001,1737224611.0694413,1737224611.0706663,0.00025386415323728676,50,1737632752.1607869
1_8,1,8,1737224614.314143,0.004117662,1737224614.313766,1737224614.3145878,0.00017794224304409575,50,1737632753.012046
3_8,3,8,1737224618.056561,0.0037447615000000003,1737224618.0562167,1737224618.056738,0.0001337429457772772,50,1737632754.0226412
4_8,4,8,1737224622.6028485,0.003982014,1737224622.602487,1737224622.613754,0.0027509354198216617,49,1737632755.8438337
5_8,5,8,1737224626.3707616,0.0040680765,1737224626.3700051,1737224626.3712153,0.0002610060560916517,50,1737632757.691257
0_9,0,9,1737224611.0696945,0.0029517630000000005,1737224611.0694604,1737224611.0698347,0.00010235645869356189,50,1737632758.1548877
1_9,1,9,1737224614.3141541,0.004058254000000001,1737224614.3134243,1737224614.3148293,0.00029860078921968753,50,1737632758.4913538
3_9,3,9,1737224618.0579066,0.0032523590000000002,1737224618.0563989,1737224618.066947,0.0021883023952719723,49,1737632759.28931
4_9,4,9,1737224622.6027813,0.003320338,1737224622.6024952,1737224622.6030831,0.00013083399345622073,50,1737632760.045518
5_9,5,9,1737224626.3707542,0.0044283095,1737224626.3701925,1737224626.37148,0.00026025237416568817,50,1737632761.9804368
0_10,0,10,1737224611.0696273,0.003534754,1737224611.0693665,1737224611.0700245,0.00015986438469720417,50,1737632762.4270759
1_10,1,10,1737224614.3141584,0.0038779110000000004,1737224614.313877,1737224614.3143573,0.0001440864057153037,50,1737632763.7295308
3_10,3,10,1737224618.0564904,0.004360837,1737224618.0556984,1737224618.0568638,0.00020535735584446753,50,1737632764.160011
4_10,4,10,1737224622.6027446,0.0034336025,1737224622.6024494,1737224622.603034,0.00013968141048922335,50,1737632764.6577215
5_10,5,10,1737224626.3707447,0.0036152780000000004,1737224626.3702216,1737224626.370935,0.00016230383954191736,50,1737632765.1669154
0_11,0,11,1737224611.0697246,0.0037301395,1737224611.0691829,1737224611.0699947,0.00015272333422152563,50,1737632765.504393
1_11,1,11,1737224614.314173,0.0034153665,1737224614.3138638,1737224614.3144846,0.0001649615374889597,50,1737632766.1335056
3_11,3,11,1737224618.0565083,0.0040314575,1737224618.0560102,1737224618.0570357,0.00019821428970994567,50,1737632767.1111543
4_11,4,11,1737224622.602707,0.0038838095,1737224622.6022987,1737224622.6032548,0.00020697281500314476,50,1737632768.746798
5_11,5,11,1737224626.3708355,0.003975521,1737224626.370129,1737224626.3714328,0.0002719264350533961,50,1737632770.093718
0_12,0,12,1737224611.0696797,0.003312125,1737224611.069229,1737224611.0699391,0.0001565074932276676,50,1737632770.8089504
1_12,1,12,1737224614.3141565,0.004685538,1737224614.3135576,1737224614.3146806,0.00030494152704516606,50,1737632771.7909496
3_12,3,12,1737224618.0565512,0.003923179000000001,1737224618.0561457,1737224618.0570428,0.00022093630986976413,49,1737632772.8361166
4_12,4,12,1737224622.602768,0.0044249350000000005,1737224622.602306,1737224622.6030633,0.00016186112840122844,50,1737632773.6714554
5_12,5,12,1737224626.3707266,0.00414105,1737224626.370184,1737224626.3714135,0.00027559050143812153,50,1737632774.4796402
0_13,0,13,1737224611.0697005,0.003125307,1737224611.0695596,1737224611.0700588,0.00012704232367988084,50,1737632775.0063243
1_13,1,13,1737224614.3141623,0.0032609355,1737224614.3139846,1737224614.3143716,0.00010097295640431884,50,1737632775.4139357
3_13,3,13,1737224618.056468,0.0043976195,1737224618.0558803,1737224618.0572276,0.00029513665552477356,50,1737632776.428953
4_13,4,13,1737224622.6037269,0.0030922640000000004,1737224622.602492,1737224622.6093209,0.0017654488653770731,49,1737632776.977883
5_13,5,13,1737224626.371913,0.0029683110000000004,1737224626.370562,1737224626.3777442,0.0013757272391432564,49,1737632778.4669373
0_14,0,14,1737224611.0696993,0.0039092625,1737224611.0693564,1737224611.0701678,0.000176013849400638,50,1737632779.1015413
1_14,1,14,1737224614.3140848,0.0034479745,1737224614.3137808,1737224614.3143394,0.00014825476127481387,50,1737632779.8904092
3_14,3,14,1737224618.0573502,0.002937374,1737224618.0563664,1737224618.0596523,0.0007755309483154203,49,1737632781.88191
4_14,4,14,1737224622.602737,0.004610716000000001,1737224622.6019416,1737224622.603292,0.00031816593756206073,50,1737632782.3700209
5_14,5,14,1737224626.37084,0.0032883650000000006,1737224626.370598,1737224626.3709855,9.736832627284418e-05,50,1737632783.9979825
0_15,0,15,1737224611.0697055,0.0046186385,1737224611.0693908,1737224611.0702252,0.00020096770293663382,50,1737632784.9309516
1_15,1,15,1737224614.3141851,0.0045250064999999996,1737224614.3134742,1737224614.3148642,0.0003181855680801283,50,1737632785.7642224
3_15,3,15,1737224618.0576053,0.0032109620000000004,1737224618.0563807,1737224618.0618095,0.001227729181876458,49,1737632786.3846228
4_15,4,15,1737224622.6027617,0.0035194485000000003,1737224622.6025417,1737224622.6030076,0.00013168939661383964,50,1737632786.8774197
5_15,5,15,1737224626.3721378,0.002169627,1737224626.3714464,1737224626.3809795,0.002051526693190354,49,1737632787.3713775
0_16,0,16,1737224611.0696812,0.004633952,1737224611.0694113,1737224611.0701613,0.0002240194299256826,49,1737632787.9030786
1_16,1,16,1737224614.3141117,0.004236198,1737224614.3134935,1737224614.3147073,0.0002867840155120027,50,1737632788.5276341
3_16,3,16,1737224618.056498,0.0044819330000000004,1737224618.0558853,1737224618.0570602,0.0002722158177733989,50,1737632789.5265162
4_16,4,16,1737224622.602694,0.0043401920000000005,1737224622.6020877,1737224622.6050258,0.000536037548827772,49,1737632790.0520356
5_16,5,16,1737224626.37249,0.0026177105000000003,1737224626.3708467,1737224626.3758867,0.0011111126353611001,48,1737632790.867877
0_17,0,17,1737224611.0696878,0.0034085635000000005,1737224611.0693517,1737224611.0699892,0.00014407056924399569,50,1737632791.8255126
1_17,1,17,1737224614.3141398,0.0031253820000000003,1737224614.313943,1737224614.314331,0.00010341874656165804,50,1737632792.3324764
3_17,3,17,1737224618.056434,0.004435084000000001,1737224618.05577,1737224618.0569563,0.0002883845101778788,50,1737632793.2245374
4_17,4,17,1737224622.6027672,0.0038604700000000004,1737224622.6023688,1737224622.6032047,0.00019911833059184557,50,1737632794.032629
5_17,5,17,1737224626.3707209,0.0046629340000000005,1737224626.3698087,1737224626.3710365,0.0002849247182555736,50,1737632794.7494547
0_18,0,18,1737224611.0696526,0.0036651080000000003,1737224611.069424,1737224611.0700064,0.00014025707657273236,50,1737632795.2876415
1_18,1,18,1737224614.3141727,0.0033203665000000005,1737224614.3139741,1737224614.3143685,0.00011065224842837809,50,1737632795.8953128
3_18,3,18,1737224618.0565376,0.004241211,1737224618.0559962,1737224618.0569158,0.00022537648633609418,50,1737632796.8744023
4_18,4,18,1737224622.6028638,0.004621229000000001,1737224622.601999,1737224622.6036656,0.0003214499268640611,50,1737632797.7747936
5_18,5,18,1737224626.3706918,0.004087991000000001,1737224626.369986,1737224626.3709295,0.00021248509030843016,50,1737632798.2496328
0_19,0,19,1737224611.0696533,0.0038534385000000004,1737224611.0694132,1737224611.0701723,0.0001742939287365763,50,1737632798.8614426
1_19,1,19,1737224614.3141,0.0042804905,1737224614.3136072,1737224614.3147666,0.0002352639880578823,50,1737632799.6227665
3_19,3,19,1737224618.0564952,0.0038937430000000003,1737224618.0561252,1737224618.056742,0.0001539080773853958,50,1737632800.5105455
4_19,4,19,1737224622.604076,0.002879813,1737224622.6027014,1737224622.6072063,0.0010312212517659335,49,1737632801.1184251
5_19,5,19,1737224626.3720965,0.00317677,1737224626.3707104,1737224626.3947418,0.006185529598105714,49,1737632801.8251848
0_20,0,20,1737224611.0696259,0.0033857605000000004,1737224611.0694811,1737224611.069953,0.00010631777111363356,50,1737632802.4554474
1_20,1,20,1737224614.314118,0.004100642,1737224614.3137217,1737224614.3147037,0.00020204881762319704,50,1737632803.1105223
3_20,3,20,1737224618.056569,0.004087317,1737224618.0558925,1737224618.057063,0.00023529103293902628,50,1737632803.5670245
4_20,4,20,1737224622.6030626,0.0030233110000000003,1737224622.6023493,1737224622.6060166,0.001108098967393291,49,1737632804.6966865
5_20,5,20,1737224626.3707914,0.003229262,1737224626.3705575,1737224626.371004,0.00010961704300928985,50,1737632805.2083852
0_21,0,21,1737224611.0696373,0.0031804125000000003,1737224611.0693283,1737224611.069868,0.00011420995532645883,50,1737632805.84499
1_21,1,21,1737224614.3141704,0.004300086,1737224614.3134973,1737224614.3149176,0.0002785970545008746,50,1737632806.6800127
3_21,3,21,1737224618.056499,0.0036825745000000003,1737224618.0562084,1737224618.0568652,0.00014706574032968402,50,1737632808.5744781
4_21,4,21,1737224622.602826,0.003396417,1737224622.6026168,1737224622.605831,0.0006825622506720238,49,1737632809.001002
5_21,5,21,1737224626.3707852,0.0037139715,1737224626.370625,1737224626.3711252,0.00010443029878502722,50,1737632809.610694
0_22,0,22,1737224611.0696344,0.0034501445,1737224611.069014,1737224611.069806,0.00015530127259998224,50,1737632810.2869923
1_22,1,22,1737224614.3141158,0.005018075,1737224614.3135338,1737224614.314344,0.00024096428298164274,50,1737632810.700487
3_22,3,22,1737224618.0564718,0.0044448145,1737224618.056107,1737224618.05687,0.00023119972202838122,50,1737632812.8787575
4_22,4,22,1737224622.6027722,0.0034137365000000003,1737224622.6025088,1737224622.6031203,0.00014129969969402115,50,1737632813.398978
5_22,5,22,1737224626.370739,0.0033159780000000002,1737224626.3703895,1737224626.3711486,0.0001500471980023314,50,1737632814.0947108
0_23,0,23,1737224611.0697007,0.0031438670000000003,1737224611.0694544,1737224611.0699081,0.00010359121273014693,50,1737632814.5341823
1_23,1,23,1737224614.3141093,0.0043743665,1737224614.3136387,1737224614.3149047,0.00029642571488627654,50,1737632815.1462622
3_23,3,23,1737224618.057349,0.0029148850000000003,1737224618.0563738,1737224618.0585809,0.000491365394885555,49,1737632816.2558486
4_23,4,23,1737224622.6027658,0.003259695,1737224622.6025188,1737224622.602947,0.00010454156367866746,50,1737632816.780037
5_23,5,23,1737224626.3708782,0.0033290420000000004,1737224626.3704424,1737224626.3723922,0.0006056903153165962,49,1737632817.1912198
0_24,0,24,1737224611.069634,0.004333673499999999,1737224611.0692246,1737224611.0703993,0.0002759007734967534,50,1737632817.6739664
1_24,1,24,1737224614.3141012,0.00396053,1737224614.3131766,1737224614.3143637,0.0002476534243508951,50,1737632819.0300179
3_24,3,24,1737224618.0565047,0.0034671840000000003,1737224618.0561585,1737224618.0567992,0.00016057636264579984,50,1737632819.441771
4_24,4,24,1737224622.602787,0.003886192,1737224622.6022491,1737224622.608374,0.0013741160420539039,49,1737632820.0836759
5_24,5,24,1737224626.3714392,0.002992325,1737224626.3704453,1737224626.3751252,0.0012294412436184166,49,1737632820.8007355
0_25,0,25,1737224611.0696504,0.003729695,1737224611.069323,1737224611.0701041,0.00017330909399803626,50,1737632822.007978
1_25,1,25,1737224614.3141477,0.0034634075,1737224614.3140273,1737224614.3144016,8.982612266709682e-05,50,1737632822.413779
3_25,3,25,1737224618.0564966,0.0043352355,1737224618.0558438,1737224618.0572367,0.0002737232818226842,50,1737632824.7532713
4_25,4,25,1737224622.6027436,0.0034252375,1737224622.602428,1737224622.6029487,0.00011459704517773189,50,1737632826.5957355
5_25,5,25,1737224626.3708274,0.0032823185,1737224626.370326,1737224626.3712654,0.00018290040707890775,50,1737632827.0150065
0_26,0,26,1737224611.0696385,0.0032683395,1737224611.0692713,1737224611.0698946,0.00016625536634358475,50,1737632827.9480422
1_26,1,26,1737224614.3141294,0.003290821,1737224614.3139725,1737224614.3143892,0.00010018403163436834,50,1737632828.5512624
3_26,3,26,1737224618.0565386,0.003331552,1737224618.0563068,1737224618.056738,0.00011647939132992594,50,1737632829.1661801
4_26,4,26,1737224622.6029093,0.0033479910000000002,1737224622.6025255,1737224622.607924,0.0012725223631603248,49,1737632829.581486
5_26,5,26,1737224626.3707695,0.0040816045000000006,1737224626.3702602,1737224626.3714738,0.0002694572100182429,50,1737632830.2967045
0_27,0,27,1737224611.069627,0.0033242505,1737224611.069059,1737224611.0698185,0.00015211162148492163,50,1737632831.111015
1_27,1,27,1737224614.3141046,0.003570098,1737224614.3137922,1737224614.3143115,0.0001412281786156145,50,1737632832.0338333
3_27,3,27,1737224618.0565038,0.0037423675000000005,1737224618.0561585,1737224618.0568097,0.00016865346061335562,50,1737632832.6510122
4_27,4,27,1737224622.6028605,0.0033563660000000004,1737224622.6026025,1737224622.6202981,0.003486096980082423,49,1737632833.1630466
5_27,5,27,1737224626.3708336,0.003141079,1737224626.37044,1737224626.3723776,0.0005393996067196653,49,1737632833.8790386
0_28,0,28,1737224611.069627,0.0038811845000000004,1737224611.0692549,1737224611.0701275,0.0002074428911634127,50,1737632834.399732
1_28,1,28,1737224614.3141594,0.00555229,1737224614.3133748,1737224614.3149996,0.0003546250448324146,50,1737632835.252576
3_28,3,28,1737224618.056557,0.0035839810000000004,1737224618.0562527,1737224618.064372,0.0016093475618427172,49,1737632835.9277396
4_28,4,28,1737224622.6026769,0.004436497500000001,1737224622.6019962,1737224622.6032734,0.0003047234714886262,50,1737632837.2493973
5_28,5,28,1737224626.370748,0.003412225,1737224626.3702962,1737224626.3709273,0.00013375905589621065,49,1737632838.8913543
0_29,0,29,1737224611.0695996,0.004601885500000001,1737224611.0688944,1737224611.0704174,0.0003439966614448855,50,1737632839.6967783
1_29,1,29,1737224614.3140895,0.00334196,1737224614.3137896,1737224614.3144834,0.00016372323782222944,50,1737632840.5340657
3_29,3,29,1737224618.0565276,0.00345311,1737224618.056131,1737224618.05695,0.0001621661063050479,50,1737632840.945768
4_29,4,29,1737224622.6027262,0.003353371,1737224622.6024523,1737224622.6030867,0.00016499888637178881,50,1737632841.5548577
5_29,5,29,1737224626.3707633,0.0044331485,1737224626.369902,1737224626.3713686,0.0002694731915156705,50,1737632842.2214541
0_30,0,30,1737224611.069655,0.003159044,1737224611.0693798,1737224611.0697765,9.177865525413872e-05,50,1737632842.7614686
1_30,1,30,1737224614.3140678,0.0031891465,1737224614.313941,1737224614.314372,0.00012188511822424051,50,1737632844.0148156
3_30,3,30,1737224618.0575283,0.0016312540000000002,1737224618.057086,1737224618.060286,0.0007971333400919078,49,1737632845.8567522
4_30,4,30,1737224622.602783,0.0033258675000000003,1737224622.6023297,1737224622.6030138,0.00015760173579827392,50,1737632846.7783892
5_30,5,30,1737224626.370781,0.0034368800000000002,1737224626.3704946,1737224626.370989,0.0001285941444386853,49,1737632848.1051648
0_31,0,31,1737224611.06958,0.0036727220000000002,1737224611.0691054,1737224611.070057,0.00019877027146795502,50,1737632848.8173468
1_31,1,31,1737224614.3141456,0.0046536565000000005,1737224614.3134263,1737224614.3147507,0.0002467665234405763,50,1737632850.0468287
3_31,3,31,1737224618.0572104,0.0029393450000000003,1737224618.056305,1737224618.058045,0.0006064185933082794,49,1737632850.834538
4_31,4,31,1737224622.6028028,0.0043660504999999995,1737224622.6022348,1737224622.6031861,0.00020764543526036725,50,1737632851.6749663
5_31,5,31,1737224626.3718243,0.002811895,1737224626.3707595,1737224626.3735223,0.0006947168345896928,49,1737632852.2124636
0_32,0,32,1737224611.0696507,0.0028960850000000005,1737224611.0694788,1737224611.069824,9.49326019659486e-05,50,1737632852.6405268
1_32,1,32,1737224614.31405,0.003439258,1737224614.313683,1737224614.3143091,0.00016207957342796283,50,1737632857.5804944
3_32,3,32,1737224618.0577993,0.002335602,1737224618.0569086,1737224618.0598383,0.0006854083488687366,49,1737632859.2620595
4_32,4,32,1737224622.603435,0.002899853,1737224622.602754,1737224622.6110194,0.0016578922616945699,49,1737632860.2050922
5_32,5,32,1737224626.3707235,0.003258149,1737224626.3704948,1737224626.3710716,0.00011994209123275544,50,1737632860.7092025
0_33,0,33,1737224611.069657,0.0031369545,1737224611.0695097,1737224611.0699704,9.411293086611777e-05,50,1737632861.123252
1_33,1,33,1737224614.3140702,0.0038729850000000007,1737224614.3137672,1737224614.314744,0.0001678634223390408,50,1737632861.8937757
3_33,3,33,1737224618.0577936,0.0021287840000000003,1737224618.0567641,1737224618.062632,0.0012580641255397296,49,1737632862.3604145
4_33,4,33,1737224622.6027222,0.003146837,1737224622.602573,1737224622.6031158,0.00012479700111017972,49,1737632862.8620274
5_33,5,33,1737224626.3707685,0.004092156,1737224626.3704987,1737224626.3708901,9.474204766932564e-05,50,1737632863.4697046
0_34,0,34,1737224611.0697138,0.0034819305,1737224611.0692384,1737224611.069934,0.00017810509375236526,50,1737632864.3938444
1_34,1,34,1737224614.314105,0.0036571170000000005,1737224614.313709,1737224614.3145556,0.00015922475957691874,50,1737632864.778807
3_34,3,34,1737224618.0565047,0.0037566020000000004,1737224618.0559886,1737224618.0566702,0.00016041349845040322,50,1737632865.41978
4_34,4,34,1737224622.6026988,0.0037800950000000002,1737224622.6023803,1737224622.6029282,0.00013887051938167745,50,1737632866.5327237
5_34,5,34,1737224626.3707473,0.0037514980000000002,1737224626.3706293,1737224626.371926,0.0003336830029887584,49,1737632868.068236
0_35,0,35,1737224611.069611,0.0033062635,1737224611.0692735,1737224611.0698695,0.00015235383739396042,50,1737632868.701812
1_35,1,35,1737224614.314147,0.003112693,1737224614.313925,1737224614.3143458,9.751920285196839e-05,50,1737632869.1099138
3_35,3,35,1737224618.0576458,0.003046514,1737224618.0563254,1737224618.0585232,0.0007135695443315374,49,1737632869.541111
4_35,4,35,1737224622.6031482,0.0030630090000000002,1737224622.6024613,1737224622.6096544,0.0015243914466038014,49,1737632870.5918705
5_35,5,35,1737224626.3707814,0.0031154115,1737224626.370541,1737224626.3709297,9.913364243102084e-05,50,1737632871.400652
0_36,0,36,1737224611.0696242,0.003004884,1737224611.0693622,1737224611.0699203,0.00015236727591106978,50,1737632871.872049
1_36,1,36,1737224614.314136,0.0031732690000000003,1737224614.3138838,1737224614.314372,0.00011548529362722236,50,1737632872.4128392
3_36,3,36,1737224618.056488,0.0033109355000000003,1737224618.0562067,1737224618.0567098,0.00012078175090554303,50,1737632872.788712
4_36,4,36,1737224622.60277,0.0029890015000000004,1737224622.6025486,1737224622.602941,0.0001044234727989116,50,1737632873.2018163
5_36,5,36,1737224626.3706846,0.0029887725000000004,1737224626.3704796,1737224626.371019,0.00013915577275604293,50,1737632873.9908519
0_37,0,37,1737224611.0695324,0.004042664,1737224611.0691023,1737224611.06982,0.00016361538525581335,50,1737632874.7569265
1_37,1,37,1737224614.3140843,0.0035803005000000004,1737224614.3139768,1737224614.3144026,0.00010039934038841991,50,1737632875.3601413
3_37,3,37,1737224618.0565107,0.0031025545,1737224618.0563028,1737224618.056702,0.0001115242705305169,50,1737632875.7618864
4_37,4,37,1737224622.60284,0.003845755,1737224622.6021543,1737224622.608232,0.0013054596580574882,49,1737632876.1702082
5_37,5,37,1737224626.3708067,0.0032302415,1737224626.3704157,1737224626.3709965,0.00011785209551372568,50,1737632876.7857153
0_38,0,38,1737224611.0695739,0.004090955,1737224611.0691617,1737224611.070459,0.00029359442736302387,50,1737632877.4421108
1_38,1,38,1737224614.314155,0.003130481,1737224614.3138433,1737224614.3143234,0.00012557822291046474,50,1737632877.8443813
3_38,3,38,1737224618.0565348,0.0031097105,1737224618.0563617,1737224618.0567832,0.00012877671441310058,50,1737632878.520988
4_38,4,38,1737224622.6027598,0.0030262820000000004,1737224622.6025066,1737224622.6030302,0.00013694104860203612,50,1737632879.0349936
5_38,5,38,1737224626.370798,0.0033461775000000003,1737224626.3705015,1737224626.3710983,0.00015821523735222575,50,1737632880.2608492
0_39,0,39,1737224611.0696244,0.0033567375,1737224611.0693655,1737224611.0699816,0.00015291546141956932,50,1737632881.0601552
1_39,1,39,1737224614.3140442,0.00439235,1737224614.3135734,1737224614.3144784,0.0002049670921569853,50,1737632881.5974908
3_39,3,39,1737224618.0565195,0.003402387,1737224618.056288,1737224618.056688,0.0001051706051869986,50,1737632882.2660158
4_39,4,39,1737224622.6035075,0.0030914590000000004,1737224622.6024652,1737224622.6075375,0.0014540876050685295,49,1737632882.8547657
5_39,5,39,1737224626.3707733,0.0033146475,1737224626.3705888,1737224626.3709452,8.961529937061014e-05,50,1737632883.3372083
0_40,0,40,1737224611.0695724,0.0036868995,1737224611.0691447,1737224611.0701194,0.00017657674001592442,50,1737632883.6960359
1_40,1,40,1737224614.3140457,0.0040607955000000005,1737224614.3135028,1737224614.314646,0.00022930458386716566,50,1737632884.6719723
3_40,3,40,1737224618.0565562,0.0034505895,1737224618.0561352,1737224618.0568323,0.00014850073404424502,50,1737632886.6032033
4_40,4,40,1737224622.602858,0.0032189230000000003,1737224622.6025133,1737224622.6057677,0.0007869222949970603,49,1737632887.9038324
5_40,5,40,1737224626.370793,0.0031404280000000002,1737224626.3706408,1737224626.3710093,8.4846268668056e-05,50,1737632889.0611765
0_41,0,41,1737224611.0696888,0.003770045,1737224611.0691335,1737224611.069943,0.0002118457628795066,50,1737632889.6180203
1_41,1,41,1737224614.3141582,0.003811984,1737224614.3138003,1737224614.3143091,0.00014454540512207902,49,1737632890.1030447
3_41,3,41,1737224618.0565572,0.004024456000000001,1737224618.055872,1737224618.0568578,0.0001923523624983809,50,1737632890.8900285
4_41,4,41,1737224622.6035645,0.0036630400000000002,1737224622.6026807,1737224622.6060748,0.000876058466966077,49,1737632892.2443836
5_41,5,41,1737224626.3707,0.0039986455,1737224626.3701568,1737224626.3711338,0.0002030670201097098,50,1737632893.3618531
0_42,0,42,1737224611.069656,0.0032406785,1737224611.0693898,1737224611.069859,0.00012620333860467273,50,1737632893.9870143
1_42,1,42,1737224614.3140855,0.0039454375,1737224614.3138938,1737224614.3148031,0.00021908560206353848,50,1737632894.90619
3_42,3,42,1737224618.0566225,0.004154827,1737224618.0561814,1737224618.0620258,0.0019206010699602766,49,1737632895.6027753
4_42,4,42,1737224622.6027079,0.0034898510000000004,1737224622.6024747,1737224622.603045,0.00013644141821373817,50,1737632897.2653334
5_42,5,42,1737224626.3706973,0.00414398,1737224626.3700886,1737224626.3712418,0.00024346125005445142,49,1737632897.9873352
0_43,0,43,1737224611.0696745,0.003578499,1737224611.069471,1737224611.0700974,0.0001309887556487317,50,1737632898.600377
1_43,1,43,1737224614.3141742,0.0032767175,1737224614.3138614,1737224614.3143847,0.0001292481432900368,50,1737632899.4184217
3_43,3,43,1737224618.05647,0.004490101000000001,1737224618.05577,1737224618.0569382,0.00025553126719255766,50,1737632900.4329474
4_43,4,43,1737224622.6028302,0.0033541670000000003,1737224622.6025968,1737224622.6041577,0.0004923121470986624,49,1737632901.7663696
5_43,5,43,1737224626.3720896,0.003083817,1737224626.3707938,1737224626.3749428,0.0009459358719867283,49,1737632902.5834522
0_44,0,44,1737224611.0696063,0.0035495440000000004,1737224611.069126,1737224611.0699077,0.000186944863818904,50,1737632903.107206
1_44,1,44,1737224614.3140683,0.00389794,1737224614.3136969,1737224614.3146467,0.0002168772085366898,50,1737632903.8469722
3_44,3,44,1737224618.0564685,0.0036224970000000006,1737224618.0561416,1737224618.056674,0.00015438970299045345,50,1737632904.737492
4_44,4,44,1737224622.6027324,0.003685794,1737224622.602335,1737224622.602944,0.00015255923300092137,50,1737632905.8709033
5_44,5,44,1737224626.3709188,0.0032057120000000003,1737224626.3704643,1737224626.3750508,0.0011365644010944784,49,1737632907.5010216
0_45,0,45,1737224611.069666,0.003383891,1737224611.0694313,1737224611.0699947,0.00016148006407168741,50,1737632908.1249392
1_45,1,45,1737224614.3140924,0.0036230805,1737224614.313673,1737224614.3143845,0.00016681509242873977,50,1737632908.948898
3_45,3,45,1737224618.0564952,0.0034034010000000003,1737224618.0562475,1737224618.0568385,0.0001302206223308928,50,1737632909.958528
4_45,4,45,1737224622.6027532,0.0037771360000000004,1737224622.6025877,1737224622.6030731,0.0001234467951594226,50,1737632911.0769002
5_45,5,45,1737224626.3707466,0.0037160385000000002,1737224626.3705256,1737224626.3710074,0.00013543566276410146,50,1737632911.7012677
0_46,0,46,1737224611.0696812,0.0032004420000000004,1737224611.0695567,1737224611.0699081,0.00011026355585845735,49,1737632912.373498
1_46,1,46,1737224614.3141437,0.0038307090000000003,1737224614.3139522,1737224614.314509,0.00010874696627906516,50,1737632913.274514
3_46,3,46,1737224618.0565138,0.003289746,1737224618.0560272,1737224618.0567455,0.00015426710144640825,50,1737632913.7538247
4_46,4,46,1737224622.6027741,0.0036005975000000003,1737224622.6021495,1737224622.6029654,0.00014864212767391348,50,1737632914.1593397
5_46,5,46,1737224626.370761,0.003276527,1737224626.3704753,1737224626.3721995,0.0005708500791903296,49,1737632914.866997
0_47,0,47,1737224611.0697098,0.003606853,1737224611.0694592,1737224611.0700567,0.00016804779260999654,50,1737632915.6196957
1_47,1,47,1737224614.3141031,0.0036206475,1737224614.3136759,1737224614.314353,0.0001472450676805914,50,1737632916.5967681
3_47,3,47,1737224618.0576935,0.0035684105,1737224618.0562077,1737224618.0589485,0.0008436549886048739,48,1737632918.0803273
4_47,4,47,1737224622.6027687,0.0033971910000000004,1737224622.6023617,1737224622.606843,0.0010977398793410253,49,1737632919.9949207
5_47,5,47,1737224626.3707848,0.0035636640000000002,1737224626.3704195,1737224626.3710933,0.00015066442524150122,50,1737632920.5081716
0_48,0,48,1737224611.0696347,0.0043673485,1737224611.0689757,1737224611.0698175,0.00016667606013495942,50,1737632921.2314649
1_48,1,48,1737224614.3140745,0.0034665995000000005,1737224614.313774,1737224614.3144023,0.00014073631225810403,50,1737632921.9167871
3_48,3,48,1737224618.0564852,0.003959763,1737224618.0562348,1737224618.056806,0.00012862078437734714,50,1737632923.1609623
4_48,4,48,1737224622.6029286,0.0041048890000000005,1737224622.6024706,1737224622.6184773,0.004047417900202522,49,1737632923.5841343
5_48,5,48,1737224626.3722591,0.003199246,1737224626.3707442,1737224626.3967075,0.005293252329908604,49,1737632924.5054338
0_49,0,49,1737224611.0696397,0.003120115,1737224611.0693455,1737224611.069869,0.00012932657113692711,50,1737632925.1260905
1_49,1,49,1737224614.3140721,0.003032781,1737224614.3138623,1737224614.3143468,0.00011914984174453771,50,1737632925.7979524
3_49,3,49,1737224618.0565014,0.0035318395000000003,1737224618.0561638,1737224618.0566676,0.0001320102637917213,50,1737632926.3449678
4_49,4,49,1737224622.6027348,0.0047573275,1737224622.6019726,1737224622.603044,0.00027812171373458406,50,1737632927.5639844
5_49,5,49,1737224626.3718572,0.0029341980000000003,1737224626.3706617,1737224626.3752913,0.0011506912975088194,49,1737632928.0919173
0_50,0,50,1737224611.0696657,0.0034686065,1737224611.069076,1737224611.0701804,0.0001995269008495189,50,1737632928.8874938
1_50,1,50,1737224614.3140864,0.0044340130000000005,1737224614.3132954,1737224614.3149762,0.00031665976255842955,50,1737632929.6362913
3_50,3,50,1737224618.0563846,0.0038692605,1737224618.0561314,1737224618.0569735,0.0001727251497344568,50,1737632930.434268
4_50,4,50,1737224622.604233,0.003022359,1737224622.6025274,1737224622.614902,0.002447971951469208,49,1737632931.065111
5_50,5,50,1737224626.3707814,0.0035090655,1737224626.3704638,1737224626.370956,0.00010903028384567478,50,1737632931.5716712
0_51,0,51,1737224611.0696278,0.0031577335,1737224611.069323,1737224611.06994,0.0001374092464235699,50,1737632932.2551591
1_51,1,51,1737224614.3141124,0.0030784420000000002,1737224614.3138342,1737224614.314329,0.00010014519193322487,50,1737632932.8014317
3_51,3,51,1737224618.0564818,0.0037980865,1737224618.056,1737224618.0566688,0.00019801910454108468,50,1737632933.4126236
4_51,4,51,1737224622.6028104,0.003595243,1737224622.60233,1737224622.6048996,0.000632803692110674,49,1737632933.8257325
5_51,5,51,1737224626.3706412,0.0045116655,1737224626.3702052,1737224626.3714008,0.00022876551274938524,50,1737632934.436091
0_52,0,52,1737224611.06966,0.0046126075,1737224611.0691724,1737224611.0703635,0.0002262876942924127,50,1737632934.9645758
1_52,1,52,1737224614.3141851,0.004580343000000001,1737224614.313495,1737224614.3146873,0.00028645452037103186,50,1737632935.7107952
3_52,3,52,1737224618.0565274,0.004214993,1737224618.055912,1737224618.0569263,0.00020733056797687897,49,1737632936.3808045
4_52,4,52,1737224622.6027205,0.0034144635,1737224622.6024733,1737224622.6029687,0.00013469226728239994,50,1737632938.0165389
5_52,5,52,1737224626.3707173,0.0036521705000000003,1737224626.370557,1737224626.370954,0.00010449569459306657,50,1737632939.4441235
0_53,0,53,1737224611.069593,0.003494367,1737224611.0692747,1737224611.0698729,0.00013715022908557237,50,1737632939.9728084
1_53,1,53,1737224614.3141172,0.0032144215,1737224614.3138714,1737224614.3144176,0.00014601238866829676,50,1737632940.5844145
3_53,3,53,1737224618.056796,0.003960056,1737224618.0558662,1737224618.0614445,0.001242620501064068,49,1737632941.3788505
4_53,4,53,1737224622.6027672,0.004045159500000001,1737224622.6023335,1737224622.6033018,0.0002167306138919002,50,1737632941.8707578
5_53,5,53,1737224626.3707018,0.0037361785000000003,1737224626.370504,1737224626.370959,0.0001396258669816715,50,1737632942.5376596
0_54,0,54,1737224611.069532,0.0035786635000000003,1737224611.0691757,1737224611.0698662,0.00018258475854841713,50,1737632942.9404154
1_54,1,54,1737224614.3141434,0.0034032665,1737224614.3134398,1737224614.314633,0.00022704392360802336,50,1737632943.350143
3_54,3,54,1737224618.0564833,0.003415695,1737224618.05616,1737224618.056706,0.00013680430645281966,50,1737632944.8778992
4_54,4,54,1737224622.6027346,0.0034919580000000003,1737224622.6022103,1737224622.6030898,0.0001683729358563146,50,1737632945.2935228
5_54,5,54,1737224626.3707342,0.0035717675,1737224626.3703299,1737224626.370987,0.0001527262373434049,50,1737632945.9606562
0_55,0,55,1737224611.069654,0.0033722425000000003,1737224611.0693603,1737224611.069934,0.00015703993125994772,50,1737632947.2354167
1_55,1,55,1737224614.3140817,0.0035028995,1737224614.3138344,1737224614.3144658,0.00014760435503530272,50,1737632947.6546574
3_55,3,55,1737224618.056417,0.0035295455,1737224618.0561564,1737224618.0567079,0.00011609219293488575,50,1737632948.975225
4_55,4,55,1737224622.60271,0.0036248170000000002,1737224622.602375,1737224622.6030128,0.00015694096700238287,50,1737632949.6956918
5_55,5,55,1737224626.3707807,0.0036303480000000003,1737224626.3703465,1737224626.3739371,0.0007810363278069866,49,1737632950.0435736
0_56,0,56,1737224611.069622,0.0044338025,1737224611.06879,1737224611.0701752,0.0002836496286532568,50,1737632950.9650397
1_56,1,56,1737224614.3140898,0.0033836730000000002,1737224614.313777,1737224614.3143425,0.00013605154364453977,50,1737632951.725044
3_56,3,56,1737224618.0564346,0.0044672215,1737224618.0556026,1737224618.057126,0.00028565145972832664,50,1737632952.7549624
4_56,4,56,1737224622.6026711,0.0041349975,1737224622.6021128,1737224622.6033192,0.00027336617234243886,50,1737632954.8042707
5_56,5,56,1737224626.3707151,0.0037228565000000003,1737224626.3702419,1737224626.3709695,0.00016352468323700518,50,1737632955.4260058
0_57,0,57,1737224611.0695882,0.0030553815,1737224611.0694332,1737224611.0697892,9.761769727702336e-05,50,1737632955.843636
1_57,1,57,1737224614.3141136,0.0039299240000000004,1737224614.3136106,1737224614.3143759,0.0001854827102400721,50,1737632956.2561462
3_57,3,57,1737224618.0578222,0.002241826,1737224618.0568783,1737224618.062543,0.0012549449899623732,49,1737632957.5810013
4_57,4,57,1737224622.6028476,0.003567048,1737224622.6025496,1737224622.6064394,0.0010366547304998933,49,1737632958.7026198
5_57,5,57,1737224626.3707283,0.003548428,1737224626.3704,1737224626.3708346,9.954058766732092e-05,50,1737632959.4220214
0_58,0,58,1737224611.0696452,0.0030458305,1737224611.0692453,1737224611.0699992,0.0001600924357388636,50,1737632959.7948136
1_58,1,58,1737224614.3140697,0.0035365965,1737224614.3138049,1737224614.314424,0.00015016835417361242,50,1737632961.059797
3_58,3,58,1737224618.0564842,0.003917306000000001,1737224618.0561953,1737224618.0568676,0.00015084350652268535,50,1737632961.6781762
4_58,4,58,1737224622.6026595,0.0031041775000000002,1737224622.602432,1737224622.6029243,0.00012755237114913228,50,1737632962.2906337
5_58,5,58,1737224626.3707383,0.002999025,1737224626.3705466,1737224626.3710098,0.0001336434455984284,50,1737632962.6690037
0_59,0,59,1737224611.0696363,0.0031381805,1737224611.069451,1737224611.0698276,9.563214993890703e-05,50,1737632963.2615306
1_59,1,59,1737224614.3140888,0.004240865,1737224614.3134384,1737224614.3145266,0.00022156412372709822,50,1737632963.6751509
3_59,3,59,1737224618.0564451,0.0035835475,1737224618.0562062,1737224618.0566912,0.00013640815168842555,50,1737632964.4445527
4_59,4,59,1737224622.6040313,0.0019666130000000003,1737224622.603582,1737224622.6058683,0.0005529434562184652,49,1737632964.8500354
5_59,5,59,1737224626.3706815,0.0033710940000000003,1737224626.370202,1737224626.3709588,0.00016624954703114698,50,1737632965.1814723
0_60,0,60,1737224611.0696445,0.0034637185000000003,1737224611.0692587,1737224611.0699444,0.00014577103003041012,50,1737632965.5710495
1_60,1,60,1737224614.314003,0.004065914,1737224614.3135395,1737224614.3145719,0.0001986101636814743,50,1737632965.9800498
3_60,3,60,1737224618.056509,0.004008780500000001,1737224618.0560327,1737224618.0572715,0.00026869086736577044,50,1737632967.6107252
4_60,4,60,1737224622.6027079,0.003831848,1737224622.6024206,1737224622.604166,0.00041463137051581204,49,1737632968.1272886
5_60,5,60,1737224626.370706,0.0035169195,1737224626.3704734,1737224626.3712025,0.0001557497466082431,50,1737632968.6359856
0_61,0,61,1737224611.0695472,0.003897937,1737224611.0692768,1737224611.0702193,0.00019565269525727795,50,1737632969.0572581
1_61,1,61,1737224614.3141437,0.003179973,1737224614.313764,1737224614.3145375,0.00017533442362085131,50,1737632969.9149663
3_61,3,61,1737224618.0565252,0.0035749985,1737224618.0562372,1737224618.0567207,0.00012066609959192127,50,1737632970.955987
4_61,4,61,1737224622.602672,0.004007921,1737224622.6022496,1737224622.6042113,0.0003555553970701277,49,1737632971.7219868
5_61,5,61,1737224626.3706646,0.0036282485000000003,1737224626.3702626,1737224626.3710973,0.00020949026943752064,50,1737632972.832008
0_62,0,62,1737224611.0695815,0.0033647595,1737224611.069377,1737224611.069841,0.00010501322713399516,50,1737632973.9887698
1_62,1,62,1737224614.3141117,0.0039901305,1737224614.3138375,1737224614.3143175,0.00011738716882756553,50,1737632974.9895046
3_62,3,62,1737224618.0575182,0.0032381690000000004,1737224618.0563293,1737224618.0604928,0.0008438536069199297,49,1737632975.606516
4_62,4,62,1737224622.6035278,0.00282577,1737224622.6026032,1737224622.6072063,0.001106649161691635,49,1737632976.4177027
5_62,5,62,1737224626.370724,0.003385798,1737224626.3704386,1737224626.3710852,0.00013898024109829527,50,1737632977.4685163
0_63,0,63,1737224611.0696642,0.0032960865,1737224611.0693784,1737224611.069897,0.00012841282216540558,50,1737632977.8174386
1_63,1,63,1737224614.314144,0.003928104,1737224614.3138237,1737224614.3144002,0.00011269508304189857,50,1737632978.1736298
3_63,3,63,1737224618.0564823,0.0034156095000000006,1737224618.0562992,1737224618.0566719,0.00010207659182366474,50,1737632979.0287302
4_63,4,63,1737224622.6027,0.0035794875000000003,1737224622.602355,1737224622.602998,0.00012079950173459948,50,1737632980.4056644
5_63,5,63,1737224626.370864,0.0034515550000000002,1737224626.3705492,1737224626.3743768,0.0009354608345401993,49,1737632981.3280146
0_64,0,64,1737224611.069583,0.003887761,1737224611.06919,1737224611.07014,0.00017619500782267743,50,1737632981.9811127
1_64,1,64,1737224614.3140054,0.004046104,1737224614.3135638,1737224614.314263,0.00016357709005948166,49,1737632982.5974352
3_64,3,64,1737224618.0564713,0.003255055,1737224618.0562255,1737224618.0567236,0.00010922560636534486,50,1737632983.078986
4_64,4,64,1737224622.602682,0.0032210880000000004,1737224622.6022372,1737224622.6029286,0.00015105798534123294,50,1737632983.834096
5_64,5,64,1737224626.370686,0.003638026,1737224626.3703368,1737224626.37085,0.00013475766518280255,50,1737632984.3732986
0_65,0,65,1737224611.0696654,0.003960666,1737224611.0691729,1737224611.0698867,0.00018907023854302515,50,1737632984.8578744
1_65,1,65,1737224614.3140855,0.0047974165,1737224614.3134613,1737224614.3146858,0.00029929134649186,50,1737632985.7225597
3_65,3,65,1737224618.0564194,0.0038910645000000002,1737224618.0556953,1737224618.0566869,0.000204198541260563,50,1737632986.4648585
4_65,4,65,1737224622.6026466,0.0037328280000000005,1737224622.60237,1737224622.603303,0.00018879825191902422,50,1737632987.1725664
5_65,5,65,1737224626.375605,0.0014546180000000002,1737224626.3721492,1737224626.577251,0.046093866974584674,45,1737632987.6071162
0_66,0,66,1737224611.0696123,0.004091889,1737224611.0690641,1737224611.070575,0.0002977607104935474,50,1737632988.6365135
1_66,1,66,1737224614.3140087,0.0036236885000000005,1737224614.3137686,1737224614.3142252,0.00012037703768420553,50,1737632989.3220618
3_66,3,66,1737224618.0564551,0.004361264,1737224618.0556746,1737224618.0567856,0.0002537327630646141,50,1737632990.0437899
4_66,4,66,1737224622.6026216,0.0044057235,1737224622.6021187,1737224622.6030307,0.00020803996459596666,50,1737632991.1470666
5_66,5,66,1737224626.370726,0.003490226,1737224626.3703413,1737224626.3711002,0.0001921263896594763,50,1737632991.9369173
0_67,0,67,1737224611.0696006,0.0037628645,1737224611.0693974,1737224611.0699854,0.0001247751373344854,50,1737632992.6525
1_67,1,67,1737224614.3140488,0.003361581,1737224614.313735,1737224614.3143191,0.00014177811341031468,50,1737632993.5010333
3_67,3,67,1737224618.0564837,0.0032063390000000003,1737224618.0561552,1737224618.0569525,0.0001720654381321649,50,1737632994.4110339
4_67,4,67,1737224622.602794,0.004464561000000001,1737224622.6021838,1737224622.612,0.002644467675640114,49,1737632995.871999
5_67,5,67,1737224626.3706574,0.003980825,1737224626.3703232,1737224626.3710773,0.00015071851064864077,50,1737632996.4877357
0_68,0,68,1737224611.069652,0.0042079430000000004,1737224611.068842,1737224611.069886,0.0002387408272218291,50,1737632997.084528
1_68,1,68,1737224614.3140652,0.003801377,1737224614.3136833,1737224614.3142874,0.0001560116962651867,50,1737632997.786503
3_68,3,68,1737224618.056558,0.0035869300000000003,1737224618.0562148,1737224618.0567095,0.00012371583948812928,50,1737632998.7411447
4_68,4,68,1737224622.6038733,0.002198114,1737224622.6030273,1737224622.6059747,0.0005516414886632394,49,1737632999.156701
5_68,5,68,1737224626.3707356,0.0036294955,1737224626.3702526,1737224626.371077,0.0001636146070309486,50,1737633000.7322679
0_69,0,69,1737224611.0696034,0.003477262,1737224611.0693893,1737224611.0698993,0.00011760705908589247,50,1737633001.206763
1_69,1,69,1737224614.3140166,0.0057311855,1737224614.3133025,1737224614.3152428,0.0005411934639959874,50,1737633001.9429905
3_69,3,69,1737224618.0563407,0.006346499,1737224618.0554233,1737224618.0574381,0.0004685875551132019,50,1737633002.436887
4_69,4,69,1737224622.6026413,0.005163527,1737224622.6015205,1737224622.6029654,0.0003519403784250235,49,1737633003.2539587
5_69,5,69,1737224626.372183,0.00295597,1737224626.3705487,1737224626.3823252,0.002598417137302063,49,1737633004.071909
0_70,0,70,1737224611.069611,0.005647321,1737224611.0685956,1737224611.0706923,0.00047333928090587617,50,1737633005.0262659
1_70,1,70,1737224614.3139591,0.0057715935,1737224614.3130782,1737224614.3149376,0.0005280403253019581,50,1737633005.9253988
3_70,3,70,1737224618.056422,0.004407576,1737224618.0556676,1737224618.0567517,0.00025015736265920425,50,1737633007.6498094
4_70,4,70,1737224622.6026685,0.0043995175,1737224622.6022797,1737224622.6034577,0.00023201840702423212,50,1737633008.0734549
5_70,5,70,1737224626.3707042,0.0032372005,1737224626.3705642,1737224626.3709664,0.00011509016763456562,50,1737633008.9024513
0_71,0,71,1737224611.0696363,0.0038917300000000004,1737224611.0691206,1737224611.0699418,0.00017793156674813883,50,1737633009.7738945
1_71,1,71,1737224614.314077,0.00317452,1737224614.313833,1737224614.3143978,0.00012387924689818283,50,1737633010.3410368
3_71,3,71,1737224618.056508,0.004072645000000001,1737224618.0558195,1737224618.0568602,0.0002568054528215945,49,1737633010.9938352
4_71,4,71,1737224622.602723,0.0033437455,1737224622.6023445,1737224622.6029963,0.00013419757344328422,50,1737633011.6491396
5_71,5,71,1737224626.3707004,0.004160218,1737224626.3698306,1737224626.3711586,0.00025273434935904724,49,1737633012.0040696
0_72,0,72,1737224611.0695577,0.004547873500000001,1737224611.068605,1737224611.0702105,0.0003389348189467537,50,1737633012.573966
1_72,1,72,1737224614.3140278,0.0036781120000000003,1737224614.3136444,1737224614.3142667,0.00015415927774514932,50,1737633013.1052907
3_72,3,72,1737224618.056726,0.0033015180000000002,1737224618.056272,1737224618.058619,0.0006511284491114624,49,1737633013.7419465
4_72,4,72,1737224622.6039968,0.0026599090000000002,1737224622.602704,1737224622.612978,0.001970724070080185,49,1737633014.3134983
5_72,5,72,1737224626.3706393,0.003947623000000001,1737224626.3702703,1737224626.3710032,0.00016120878458555113,50,1737633015.3243666
0_73,0,73,1737224611.0695674,0.004094554,1737224611.0691094,1737224611.070033,0.00019902428414847145,50,1737633015.7535074
1_73,1,73,1737224614.314091,0.0042382240000000005,1737224614.3136287,1737224614.3145628,0.0002199836227304268,50,1737633016.4117644
3_73,3,73,1737224618.0575745,0.002347818,1737224618.056806,1737224618.0612168,0.0011243515106395907,49,1737633016.9420364
4_73,4,73,1737224622.603871,0.002274417,1737224622.6032686,1737224622.6053188,0.00042874281276137006,49,1737633017.8995
5_73,5,73,1737224626.3707447,0.004639883500000001,1737224626.3698578,1737224626.3711658,0.00031046857849972685,50,1737633018.9950612
0_74,0,74,1737224611.0696685,0.0040053125,1737224611.0691187,1737224611.0701041,0.00020982210157581704,50,1737633020.0128024
1_74,1,74,1737224614.3140645,0.0045948455,1737224614.3132262,1737224614.314455,0.00028596440409663234,50,1737633020.5621815
3_74,3,74,1737224618.0571494,0.003460358,1737224618.0562263,1737224618.0592172,0.00084731392516412,49,1737633021.0757535
4_74,4,74,1737224622.602724,0.003518274,1737224622.602498,1737224622.6097975,0.001474171072478393,49,1737633022.9060137
5_74,5,74,1737224626.37063,0.0041549655,1737224626.3699932,1737224626.3710356,0.00021128078199726514,50,1737633023.4274359
0_75,0,75,1737224611.0695834,0.0044762725000000005,1737224611.0691504,1737224611.0700164,0.00020192250370547847,50,1737633024.0717392
1_75,1,75,1737224614.3141541,0.0040394075,1737224614.313756,1737224614.3145761,0.00019415191843473857,50,1737633024.8360467
3_75,3,75,1737224618.057048,0.0030857360000000004,1737224618.0563006,1737224618.0604763,0.0010211171478163095,49,1737633025.3737395
4_75,4,75,1737224622.6037781,0.002438305,1737224622.6027124,1737224622.6041965,0.0004138535901150776,49,1737633025.9834158
5_75,5,75,1737224626.3706472,0.0038780240000000003,1737224626.370295,1737224626.3712811,0.0002085724702932317,50,1737633026.391826
0_76,0,76,1737224611.0696723,0.0042402970000000005,1737224611.0688908,1737224611.0698628,0.00023098256249809548,50,1737633027.0590892
1_76,1,76,1737224614.3140833,0.0037592710000000002,1737224614.3137429,1737224614.3143368,0.00013432976662503673,49,1737633028.0383852
3_76,3,76,1737224618.0565567,0.003975239,1737224618.0560594,1737224618.0567732,0.00018072615191662005,50,1737633028.7588475
4_76,4,76,1737224622.602703,0.0035897185,1737224622.602417,1737224622.6028976,0.0001246100035179496,50,1737633029.4604704
5_76,5,76,1737224626.3706806,0.004466310500000001,1737224626.3702035,1737224626.371645,0.0002762128537692584,50,1737633030.053989
0_77,0,77,1737224611.0695682,0.0042653855,1737224611.0691724,1737224611.0703716,0.0002473607637751304,50,1737633030.4973962
1_77,1,77,1737224614.3141353,0.003589155,1737224614.313741,1737224614.314347,0.00014802099925048488,50,1737633031.5174794
3_77,3,77,1737224618.0580974,0.0026511810000000003,1737224618.0566235,1737224618.0700102,0.00406807507687762,49,1737633032.8332355
4_77,4,77,1737224622.6026955,0.003681473,1737224622.602385,1737224622.6032224,0.0001789300922766445,50,1737633033.5931442
5_77,5,77,1737224626.37075,0.0041442455,1737224626.3701434,1737224626.3711047,0.00019300635899966242,50,1737633034.1898732
0_78,0,78,1737224611.0694988,0.0041925525,1737224611.0690508,1737224611.0703254,0.0002999572218986504,50,1737633035.5051513
1_78,1,78,1737224614.3140588,0.0033931630000000003,1737224614.3136601,1737224614.3144126,0.00017657070285720665,49,1737633036.2060509
3_78,3,78,1737224618.0575476,0.0028996770000000002,1737224618.056121,1737224618.0592277,0.0007072558672562295,49,1737633037.1439667
4_78,4,78,1737224622.6027074,0.0038070215000000004,1737224622.602407,1737224622.6029863,0.00013685999825187035,50,1737633038.8060417
5_78,5,78,1737224626.3706605,0.005228845500000001,1737224626.3700416,1737224626.371868,0.00039575978330898634,50,1737633039.2639484
0_79,0,79,1737224611.0695148,0.005503379500000001,1737224611.0686276,1737224611.0707498,0.0005237095540283535,50,1737633040.1421187
1_79,1,79,1737224614.3139873,0.004481082000000001,1737224614.3133357,1737224614.314362,0.00024657653804540546,50,1737633040.9994202
3_79,3,79,1737224618.0564032,0.004091763,1737224618.055913,1737224618.056712,0.0001953145488989173,50,1737633041.8580494
4_79,4,79,1737224622.6027265,0.0039881610000000005,1737224622.602222,1737224622.6068037,0.0011635909590326158,49,1737633042.7099342
5_79,5,79,1737224626.3720832,0.003580171,1737224626.370504,1737224626.3803525,0.002189499295808286,49,1737633043.4703586
0_80,0,80,1737224611.0695667,0.0038753175000000003,1737224611.0692225,1737224611.0701268,0.0001940181371886528,50,1737633044.1142578
1_80,1,80,1737224614.314088,0.0033724665,1737224614.3136182,1737224614.3144352,0.00016307775040023652,50,1737633044.9817388
3_80,3,80,1737224618.0564802,0.0037369735,1737224618.0562506,1737224618.0568252,0.00011370282773631298,50,1737633045.5413885
4_80,4,80,1737224622.6026917,0.004330641500000001,1737224622.602253,1737224622.6034617,0.00025763876144765176,50,1737633045.9601114
5_80,5,80,1737224626.3719976,0.002988592,1737224626.370757,1737224626.3887687,0.0035932468669109116,49,1737633046.5648441
0_81,0,81,1737224611.069632,0.0036356800000000005,1737224611.0693107,1737224611.0699773,0.00016443508679619192,50,1737633047.0942602
1_81,1,81,1737224614.314077,0.0033732855,1737224614.313776,1737224614.3143122,0.00012617247264298578,50,1737633047.8203351
3_81,3,81,1737224618.0564876,0.0032931775,1737224618.0561295,1737224618.0566463,0.00012942453252522522,50,1737633048.4050157
4_81,4,81,1737224622.60266,0.0036167580000000003,1737224622.6023736,1737224622.6030433,0.00016010110119176507,49,1737633049.334843
5_81,5,81,1737224626.3706884,0.0039379720000000005,1737224626.3704169,1737224626.3708935,0.00011681719188757558,50,1737633050.2413445
0_82,0,82,1737224611.0695958,0.0036605025,1737224611.0693462,1737224611.0699146,0.00013426513440262805,50,1737633050.7735028
1_82,1,82,1737224614.3140693,0.003666433,1737224614.3136942,1737224614.3142614,0.0001339061473643877,50,1737633051.4911435
3_82,3,82,1737224618.0577865,0.005008201,1737224618.0562303,1737224618.0750186,0.004301312656217622,49,1737633053.005498
4_82,4,82,1737224622.6027017,0.0043187425,1737224622.6023674,1737224622.6033514,0.00019125115731881553,50,1737633054.1522806
5_82,5,82,1737224626.3707097,0.0052064395,1737224626.3700066,1737224626.3715866,0.00035182951407384443,50,1737633054.7580712
0_83,0,83,1737224611.069583,0.0041261595000000005,1737224611.069107,1737224611.0700057,0.00018990982550708558,50,1737633055.5025103
1_83,1,83,1737224614.314035,0.0043069505,1737224614.3134475,1737224614.3147311,0.00028370634022513924,50,1737633055.9212286
3_83,3,83,1737224618.0576797,0.004188628000000001,1737224618.0561132,1737224618.0901537,0.006632408922829238,49,1737633056.7503846
4_83,4,83,1737224622.6043003,0.004289080000000001,1737224622.6025324,1737224622.6133475,0.0027083478110645925,49,1737633058.8590624
5_83,5,83,1737224626.3707268,0.0050273670000000005,1737224626.3699474,1737224626.3714986,0.00035564835059624737,49,1737633060.7029445
0_84,0,84,1737224611.0695143,0.0056075685,1737224611.0688095,1737224611.0708816,0.0005023934258186,50,1737633061.4215536
1_84,1,84,1737224614.314114,0.0039727245,1737224614.3136785,1737224614.3146362,0.00018043036686320985,50,1737633061.9860659
3_84,3,84,1737224618.0564065,0.007180787000000001,1737224618.0545163,1737224618.0579686,0.0008467467108963283,48,1737633062.9427738
4_84,4,84,1737224622.6039963,0.003188256,1737224622.6024852,1737224622.609757,0.0020712976852734245,49,1737633063.8800914
5_84,5,84,1737224626.3706684,0.0054553665,1737224626.3697352,1737224626.371307,0.00037468341962509417,50,1737633064.491036
0_85,0,85,1737224611.0696836,0.004910935,1737224611.0688915,1737224611.0705087,0.00034876869503918214,50,1737633065.5139732
1_85,1,85,1737224614.3139277,0.004618866500000001,1737224614.3131938,1737224614.3145678,0.00023653069731368408,50,1737633066.1790636
3_85,3,85,1737224618.0572689,0.0035934480000000004,1737224618.0561225,1737224618.0593362,0.000852372450030949,49,1737633067.5607522
4_85,4,85,1737224622.6026297,0.005227359500000001,1737224622.6017385,1737224622.6034174,0.00035321121149716665,50,1737633068.5229917
5_85,5,85,1737224626.3720684,0.0037381180000000003,1737224626.3703017,1737224626.3798454,0.0021084840834712398,49,1737633069.6985984
0_86,0,86,1737224611.0696435,0.00596446,1737224611.068358,1737224611.0703864,0.00046044335981870163,50,1737633070.6295645
1_86,1,86,1737224614.314075,0.005655911500000001,1737224614.313255,1737224614.3150315,0.00039989099591353217,50,1737633071.7076719
3_86,3,86,1737224618.0564017,0.005201973,1737224618.0556176,1737224618.0573578,0.0004474391278915755,50,1737633072.4745104
4_86,4,86,1737224622.6028843,0.003954474,1737224622.6025414,1737224622.608226,0.0014220330148613026,49,1737633073.1945403
5_86,5,86,1737224626.3706899,0.003631997,1737224626.3704243,1737224626.373127,0.0006501363926047477,49,1737633074.1108172
0_87,0,87,1737224611.069427,0.006535713,1737224611.0683658,1737224611.0708494,0.0005924823364451408,50,1737633074.9462276
1_87,1,87,1737224614.3139477,0.0053626315,1737224614.3132584,1737224614.3147595,0.00039931548230022647,50,1737633075.7578466
3_87,3,87,1737224618.056304,0.0047813625000000005,1737224618.0555599,1737224618.05718,0.000322783741538214,50,1737633076.2627351
4_87,4,87,1737224622.6037817,0.0029552140000000003,1737224622.6028585,1737224622.6098723,0.0015077547947931688,49,1737633077.792939
5_87,5,87,1737224626.3720114,0.002000093,1737224626.3714366,1737224626.373231,0.00045461495564961055,49,1737633078.7249203
0_88,0,88,1737224611.0694442,0.004674757,1737224611.0688872,1737224611.0704546,0.0003439780313205226,50,1737633079.1401038
1_88,1,88,1737224614.314071,0.004036995,1737224614.3137512,1737224614.3144646,0.00020191949151462656,50,1737633080.5632014
3_88,3,88,1737224618.0564587,0.004298268500000001,1737224618.0558257,1737224618.0570536,0.00023554273898515417,50,1737633081.2809792
4_88,4,88,1737224622.6027243,0.0042725035,1737224622.6022487,1737224622.6033363,0.0002486789122270211,50,1737633081.7962203
5_88,5,88,1737224626.3707411,0.004701361500000001,1737224626.3702016,1737224626.371408,0.0002789956038824469,50,1737633082.5104215
0_89,0,89,1737224611.0695946,0.005549793000000001,1737224611.068581,1737224611.070537,0.00043297587505438154,50,1737633083.572513
1_89,1,89,1737224614.3140469,0.0039845175,1737224614.313379,1737224614.3148293,0.00027372834886182505,50,1737633084.6617975
3_89,3,89,1737224618.0575814,0.003388845,1737224618.0560932,1737224618.0642734,0.0018576984070791144,49,1737633086.9013543
4_89,4,89,1737224622.6040387,0.0030027020000000003,1737224622.6025438,1737224622.6083832,0.0011143606629271747,49,1737633087.4330945
5_89,5,89,1737224626.3706956,0.003500968,1737224626.370338,1737224626.370941,0.00012489797969511047,50,1737633088.3430316
0_90,0,90,1737224611.0696359,0.003814553,1737224611.069139,1737224611.0698986,0.00017408889727461155,50,1737633088.8599467
1_90,1,90,1737224614.314018,0.004072438,1737224614.3136168,1737224614.3145485,0.0001863098947558437,50,1737633089.751834
3_90,3,90,1737224618.0563984,0.0037906515000000005,1737224618.0559654,1737224618.0567365,0.00017117153585872276,50,1737633090.593843
4_90,4,90,1737224622.6041017,0.0025768070000000004,1737224622.6032329,1737224622.6098065,0.0014883764117074125,48,1737633091.0127184
5_90,5,90,1737224626.3706899,0.0035140130000000003,1737224626.3703399,1737224626.370853,0.00014055144286548012,49,1737633091.5201352
0_91,0,91,1737224611.0695703,0.0034107585000000004,1737224611.069137,1737224611.0698233,0.00014383777662345368,50,1737633095.9275577
1_91,1,91,1737224614.314045,0.003219225,1737224614.3137674,1737224614.3142633,0.00014012361103406113,50,1737633096.8536215
3_91,3,91,1737224618.0564225,0.003454003,1737224618.0560768,1737224618.0567598,0.00015983214522087802,50,1737633097.991662
4_91,4,91,1737224622.6037984,0.00229934,1737224622.6028304,1737224622.6170647,0.002691181341269133,49,1737633098.4843667
5_91,5,91,1737224626.3706877,0.004789359,1737224626.3697472,1737224626.3713827,0.0003776436410256123,50,1737633099.0993016
0_92,0,92,1737224611.0695324,0.0034535125000000003,1737224611.0691447,1737224611.0698767,0.00016047921086470397,50,1737633099.868045
1_92,1,92,1737224614.3140516,0.004770627,1737224614.313117,1737224614.3143954,0.0002985504750710459,50,1737633100.3555734
3_92,3,92,1737224618.056446,0.0038323395000000003,1737224618.0561466,1737224618.0571673,0.00022727363071170596,50,1737633101.04262
4_92,4,92,1737224622.6027193,0.002971728,1737224622.6025853,1737224622.6029015,8.333857232136954e-05,50,1737633102.403634
5_92,5,92,1737224626.3708775,0.0030310980000000003,1737224626.3704262,1737224626.383984,0.0026500568799327725,49,1737633102.722983
0_93,0,93,1737224611.069601,0.0029591165,1737224611.0694141,1737224611.0697658,9.046676664274419e-05,50,1737633103.141144
1_93,1,93,1737224614.3139963,0.0036905260000000004,1737224614.3137238,1737224614.3142695,0.0001333046952172337,50,1737633103.7979507
3_93,3,93,1737224618.05658,0.0034824490000000003,1737224618.0561914,1737224618.0619512,0.0011954194920199039,49,1737633104.228385
4_93,4,93,1737224622.6037834,0.0029391390000000003,1737224622.6026711,1737224622.6078243,0.0010299945833178489,49,1737633105.0205421
5_93,5,93,1737224626.371398,0.002916885,1737224626.370442,1737224626.373907,0.0008445918966438987,49,1737633105.448767
0_94,0,94,1737224611.0694852,0.0041485245,1737224611.0688882,1737224611.0698605,0.00022118891223220886,50,1737633106.286038
1_94,1,94,1737224614.3139653,0.003997495,1737224614.3133492,1737224614.3146,0.00022362467036380923,50,1737633106.6950102
3_94,3,94,1737224618.05648,0.0034377260000000003,1737224618.0561461,1737224618.057848,0.0003320743356024233,49,1737633107.0853028
4_94,4,94,1737224622.602737,0.0034970770000000003,1737224622.6022696,1737224622.6030252,0.0001332346079132038,50,1737633108.2096703
5_94,5,94,1737224626.370787,0.003409823,1737224626.3704798,1737224626.3709104,0.00012525510148892887,50,1737633108.9186752
0_95,0,95,1737224611.0696034,0.003257958,1737224611.069391,1737224611.069819,0.00010005671920478616,50,1737633109.3435225
1_95,1,95,1737224614.3140826,0.0038094125000000005,1737224614.3137002,1737224614.314344,0.00016323103362022136,50,1737633110.0538733
3_95,3,95,1737224618.0573626,0.002636658,1737224618.0562344,1737224618.0593965,0.0007475320542425846,49,1737633111.0020003
4_95,4,95,1737224622.6026876,0.004115988000000001,1737224622.6021752,1737224622.6034713,0.0002898536161118148,50,1737633111.391072
5_95,5,95,1737224626.370665,0.0031732360000000003,1737224626.3704934,1737224626.3710208,0.00011873296944379252,50,1737633112.00906
0_96,0,96,1737224611.0694962,0.004381101500000001,1737224611.06876,1737224611.0702357,0.00029897579926040893,50,1737633112.71512
1_96,1,96,1737224614.3140001,0.0032504810000000004,1737224614.3136911,1737224614.3142061,0.00011909915605009798,50,1737633113.096714
3_96,3,96,1737224618.0564132,0.0038345065000000003,1737224618.0561419,1737224618.060061,0.0010079538711106743,48,1737633113.6374376
4_96,4,96,1737224622.6026168,0.003357217,1737224622.602521,1737224622.6028326,7.27474901921305e-05,50,1737633114.8245108
5_96,5,96,1737224626.3706279,0.0036736615,1737224626.3703117,1737224626.3710365,0.00018216126851713408,50,1737633115.6498046
0_97,0,97,1737224611.0695047,0.003206601,1737224611.0693698,1737224611.0697556,0.00012023766405845348,50,1737633116.100677
1_97,1,97,1737224614.3139615,0.0036809045,1737224614.313609,1737224614.3141708,0.00011429454462843426,50,1737633116.8810472
3_97,3,97,1737224618.056399,0.004301814,1737224618.0557327,1737224618.0568595,0.00025506394890409477,50,1737633117.7613857
4_97,4,97,1737224622.602638,0.0040792855,1737224622.6020677,1737224622.6031148,0.00016900442202133335,50,1737633118.249997
5_97,5,97,1737224626.370666,0.003900782,1737224626.3702788,1737224626.371057,0.00018912160614151496,50,1737633118.7667944
0_98,0,98,1737224611.0695398,0.0038620525,1737224611.0693111,1737224611.0698264,0.0001608159243188746,50,1737633120.496823
1_98,1,98,1737224614.314036,0.0034823730000000004,1737224614.3137228,1737224614.3143218,0.00014242328503983814,50,1737633121.0875123
3_98,3,98,1737224618.0564222,0.003467983,1737224618.0560412,1737224618.0566702,0.00014237979071378366,50,1737633122.2320297
4_98,4,98,1737224622.6026545,0.0034359985,1737224622.6022873,1737224622.6028717,0.00014757401321476618,50,1737633123.6636071
5_98,5,98,1737224626.3718083,0.002996275,1737224626.3706489,1737224626.373969,0.0008135105567398965,49,1737633124.0852888
0_99,0,99,1737224611.0695705,0.004021889000000001,1737224611.0688353,1737224611.0698826,0.0001902604222445554,50,1737633124.5036314
1_99,1,99,1737224614.3141203,0.0035604190000000004,1737224614.313785,1737224614.3145957,0.000162842312092445,50,1737633125.1022215
3_99,3,99,1737224618.0564575,0.004252305,1737224618.0559664,1737224618.0568995,0.00019980726453360496,50,1737633125.7273839
4_99,4,99,1737224622.6026754,0.0037391865,1737224622.6024172,1737224622.6029646,0.00012544041389587503,50,1737633126.3488715
5_99,5,99,1737224626.3705869,0.004297465,1737224626.370205,1737224626.3713832,0.00021793304882636378,50,1737633127.0049329
