#,phone,iter,tlag,dtmedian,tmin,tmax,tstd,n,t0
0_0,0,0,1737224611.0696166,0.003318731,1737224611.0692744,1737224611.0697613,0.00011577156457225504,50,1737633549.1462357
1_0,1,0,1737224614.3141332,0.0044732625,1737224614.313449,1737224614.3152494,0.00034440969888721075,50,1737633549.7370565
3_0,3,0,1737224618.0565238,0.0033800885000000004,1737224618.0562072,1737224618.056766,0.00013686588764502588,50,1737633550.180194
5_0,5,0,1737224626.3708608,0.0038695565000000003,1737224626.370493,1737224626.3712916,0.00017733346968919583,50,1737633551.5063763
0_1,0,1,1737224611.0697207,0.00373975,1737224611.0690615,1737224611.069903,0.0001707979714821666,50,1737633551.938481
1_1,1,1,1737224614.3142207,0.003870422,1737224614.3135476,1737224614.314405,0.0001616473324524283,50,1737633552.3397744
3_1,3,1,1737224618.057812,0.00305061,1737224618.0564222,1737224618.066008,0.0019963023480264693,49,1737633552.7419028
5_1,5,1,1737224626.370884,0.003196523,1737224626.3705812,1737224626.3736703,0.0007653321385654359,49,1737633554.4708652
0_2,0,2,1737224611.0696652,0.0034294315,1737224611.0693965,1737224611.0699773,0.00013112656848335812,50,1737633555.2041914
1_2,1,2,1737224614.3142672,0.004170506500000001,1737224614.3135204,1737224614.3148074,0.00031272126735529097,50,1737633556.204094
3_2,3,2,1737224618.0565155,0.0041520135,1737224618.0557103,1737224618.0569959,0.00024602562780708185,50,1737633556.6319373
5_2,5,2,1737224626.37078,0.003847707,1737224626.370201,1737224626.3711348,0.00021397367371216397,49,1737633558.5649626
0_3,0,3,1737224611.0697165,0.0031618175000000005,1737224611.0693262,1737224611.070005,0.00013910475963378657,50,1737633559.2905078
1_3,1,3,1737224614.3142314,0.005470695500000001,1737224614.3130112,1737224614.315288,0.0005039521494277447,50,1737633560.4762504
3_3,3,3,1737224618.056551,0.0039834580000000005,1737224618.056003,1737224618.0569208,0.00021139520151163,50,1737633561.0350409
5_3,5,3,1737224626.3708081,0.0037213935000000005,1737224626.3703785,1737224626.3713477,0.0001839249188196729,50,1737633562.9670584
0_4,0,4,1737224611.0696764,0.0040501165,1737224611.068968,1737224611.0701716,0.0002506023253549989,50,1737633563.7018828
1_4,1,4,1737224614.314198,0.0038776120000000003,1737224614.3138516,1737224614.3146,0.0001588247585971519,50,1737633564.1104202
3_4,3,4,1737224618.0565913,0.0039799580000000005,1737224618.0562644,1737224618.057005,0.00016049390048183937,48,1737633565.64581
5_4,5,4,1737224626.3708208,0.0039058365,1737224626.3705328,1737224626.37142,0.00016853755898767938,50,1737633567.386554
0_5,0,5,1737224611.0697405,0.003588089,1737224611.069303,1737224611.0699785,0.00016405415246536047,50,1737633568.0760403
1_5,1,5,1737224614.3141844,0.0035293780000000005,1737224614.3139205,1737224614.3146102,0.000161726504830967,50,1737633568.686528
3_5,3,5,1737224618.0565429,0.003834772,1737224618.0560532,1737224618.057176,0.0002116245264631926,49,1737633569.6788595
5_5,5,5,1737224626.371396,0.003465717,1737224626.3703537,1737224626.3724022,0.0005829452309163988,49,1737633570.5628612
0_6,0,6,1737224611.069673,0.004395943,1737224611.0691423,1737224611.0703244,0.0002727099242877433,50,1737633571.3681276
1_6,1,6,1737224614.3142118,0.0037282440000000003,1737224614.3138819,1737224614.3146238,0.00017895147543994065,49,1737633573.0130744
3_6,3,6,1737224618.05657,0.0037421415,1737224618.056168,1737224618.0568938,0.00015713219873727776,50,1737633574.2306535
5_6,5,6,1737224626.3708148,0.0031353990000000005,1737224626.3704653,1737224626.370965,0.0001324995675083343,50,1737633574.859077
0_7,0,7,1737224611.0696387,0.0031784895000000002,1737224611.0693278,1737224611.0698824,0.00012858503483068745,50,1737633575.5793543
1_7,1,7,1737224614.3141568,0.004575590000000001,1737224614.313365,1737224614.315126,0.0003727818394192687,50,1737633576.3633556
3_7,3,7,1737224618.0580394,0.001621004,1737224618.057329,1737224618.0645185,0.0015667989752818185,48,1737633578.7987354
5_7,5,7,1737224626.370842,0.0035294880000000003,1737224626.3703012,1737224626.3713174,0.00021432189114788458,50,1737633580.591125
0_8,0,8,1737224611.0697103,0.0036127785000000003,1737224611.0693517,1737224611.0704234,0.00021901487289007046,50,1737633581.3146944
1_8,1,8,1737224614.3142524,0.004274167000000001,1737224614.313628,1737224614.314437,0.00018502604053868057,50,1737633582.0342333
3_8,3,8,1737224618.0579314,0.0034351065,1737224618.0564165,1737224618.0837474,0.00522490436118486,48,1737633584.3692605
5_8,5,8,1737224626.3709311,0.003347053,1737224626.3704991,1737224626.3767233,0.0014861348738662886,49,1737633586.0259354
0_9,0,9,1737224611.0697215,0.0044271225,1737224611.0689483,1737224611.0703967,0.00030341052079636203,50,1737633586.4554558
1_9,1,9,1737224614.3143103,0.003156621,1737224614.3139563,1737224614.3145165,0.0001364252692954869,50,1737633587.061562
3_9,3,9,1737224618.056625,0.004468487,1737224618.056107,1737224618.0571105,0.00024049704095029356,50,1737633587.9222476
5_9,5,9,1737224626.3708441,0.0037811185,1737224626.3703847,1737224626.3710396,0.0001573860111436932,50,1737633588.6811128
0_10,0,10,1737224611.069703,0.0032734545,1737224611.0695162,1737224611.0699942,0.0001277607462343039,50,1737633589.1182675
1_10,1,10,1737224614.314249,0.0039114225,1737224614.3138785,1737224614.3146784,0.00014636708228967134,50,1737633589.6758118
3_10,3,10,1737224618.0583506,0.0033302720000000004,1737224618.0560775,1737224618.0684056,0.0033919917334854126,48,1737633590.5874856
5_10,5,10,1737224626.371443,0.0041202240000000005,1737224626.3702316,1737224626.3782218,0.0020624659677526283,49,1737633591.685966
0_11,0,11,1737224611.0697348,0.004223795000000001,1737224611.0688992,1737224611.0705833,0.0003585737942812074,50,1737633592.3887668
1_11,1,11,1737224614.3142102,0.0042112600000000005,1737224614.313668,1737224614.3144102,0.00016207660695307432,49,1737633593.9012036
3_11,3,11,1737224618.056498,0.004507466,1737224618.0557075,1737224618.0596511,0.0007241525689067511,48,1737633595.3355517
5_11,5,11,1737224626.3727913,0.0034878680000000003,1737224626.370988,1737224626.389604,0.003864925847318299,49,1737633596.1689477
0_12,0,12,1737224611.069672,0.0036446085000000003,1737224611.069162,1737224611.0699205,0.00016577271065483135,50,1737633596.8989606
1_12,1,12,1737224614.3142014,0.0052384245,1737224614.3133764,1737224614.3145616,0.00029547257890086916,50,1737633597.6526787
3_12,3,12,1737224618.0566094,0.0045373615,1737224618.055697,1737224618.057354,0.0003180805124828731,50,1737633598.1260428
5_12,5,12,1737224626.3708506,0.0057294145,1737224626.369809,1737224626.371944,0.0004986799727483552,50,1737633598.926484
0_13,0,13,1737224611.0721333,0.004092465,1737224611.069706,1737224611.0840633,0.003125879318192467,49,1737633599.6647172
1_13,1,13,1737224614.314148,0.006272721,1737224614.313352,1737224614.3152986,0.0004902001560768419,49,1737633600.6101608
3_13,3,13,1737224618.0586195,0.0032164935,1737224618.05723,1737224618.0714724,0.0029406413644236097,48,1737633601.6003933
5_13,5,13,1737224626.3708012,0.005260395500000001,1737224626.369988,1737224626.3713517,0.0003077181956155423,50,1737633603.5305018
0_14,0,14,1737224611.0696902,0.0042905605,1737224611.0692096,1737224611.0703223,0.00030039285442876507,50,1737633604.4689171
1_14,1,14,1737224614.3142457,0.0032427445000000003,1737224614.3140202,1737224614.314394,8.573204571044294e-05,50,1737633604.976005
3_14,3,14,1737224618.0565896,0.003717448,1737224618.0564215,1737224618.0569296,0.00011698745618054635,50,1737633605.5763633
5_14,5,14,1737224626.3722482,0.0027955320000000003,1737224626.3707764,1737224626.3744652,0.0007411973250841884,49,1737633606.609692
0_15,0,15,1737224611.069638,0.0037624710000000003,1737224611.0695095,1737224611.0702162,0.00014639622337085808,49,1737633607.6277392
1_15,1,15,1737224614.314261,0.0040151860000000004,1737224614.3140123,1737224614.314929,0.00021489038324520442,50,1737633612.0290947
3_15,3,15,1737224618.0566587,0.0042930525,1737224618.0563884,1737224618.0572405,0.00019205601422459534,50,1737633613.5598803
5_15,5,15,1737224626.3709054,0.0049813240000000005,1737224626.3700428,1737224626.3720334,0.0004607528999835476,48,1737633614.1859007
0_16,0,16,1737224611.069776,0.0038272695,1737224611.0695014,1737224611.0704246,0.0001975714562471198,50,1737633615.3484735
1_16,1,16,1737224614.3142486,0.0031317375000000005,1737224614.313932,1737224614.3144004,0.00012520547084758475,50,1737633615.8257437
3_16,3,16,1737224618.056664,0.004461509000000001,1737224618.0559435,1737224618.0569298,0.00020359779655014024,50,1737633616.4418936
5_16,5,16,1737224626.3708515,0.0041479229999999995,1737224626.3703384,1737224626.371439,0.0001973673524375028,50,1737633617.352434
0_17,0,17,1737224611.0697713,0.0040177065,1737224611.069233,1737224611.0702364,0.00021714986704929104,50,1737633618.3530793
1_17,1,17,1737224614.3142285,0.0037806740000000004,1737224614.3139412,1737224614.3146825,0.00015921207125125578,50,1737633619.1539512
3_17,3,17,1737224618.0565853,0.004154892,1737224618.0558734,1737224618.0568385,0.00017883487419862888,49,1737633619.6116638
5_17,5,17,1737224626.3720512,0.0024478520000000004,1737224626.3708582,1737224626.375142,0.0010994419308813551,49,1737633620.9227548
0_18,0,18,1737224611.0697563,0.0032822845000000005,1737224611.0695262,1737224611.0699687,0.0001107806841537817,50,1737633621.8610032
1_18,1,18,1737224614.3143437,0.005328164,1737224614.313251,1737224614.315197,0.0005358802505312922,50,1737633622.5767827
3_18,3,18,1737224618.0566642,0.0052115685,1737224618.0557709,1737224618.057385,0.0003440025903521144,50,1737633623.7946312
5_18,5,18,1737224626.3720746,0.0031283,1737224626.370564,1737224626.3766384,0.0012103573393643264,49,1737633624.7348816
0_19,0,19,1737224611.0697613,0.0031289035000000003,1737224611.0695636,1737224611.0699537,0.00010611797496454589,50,1737633625.773531
1_19,1,19,1737224614.3142397,0.0033464510000000003,1737224614.3140144,1737224614.3145921,0.00012613282952848656,50,1737633626.1679857
3_19,3,19,1737224618.056608,0.004438339,1737224618.0561423,1737224618.0575523,0.00024275488899480559,50,1737633626.6749032
5_19,5,19,1737224626.3709517,0.0036788325000000005,1737224626.3704636,1737224626.3736715,0.0007287073229737029,48,1737633627.5985715
0_20,0,20,1737224611.069737,0.0035657575,1737224611.0694642,1737224611.0700305,0.0001167057361738088,50,1737633628.6125574
1_20,1,20,1737224614.3142655,0.0033956125000000003,1737224614.3140504,1737224614.3144553,9.324911206168892e-05,50,1737633629.4924717
3_20,3,20,1737224618.058034,0.002789227,1737224618.0568495,1737224618.0662107,0.0017948914923225816,49,1737633629.9564214
5_20,5,20,1737224626.3708868,0.0032481420000000003,1737224626.370498,1737224626.3711624,0.00014818797796964237,50,1737633630.8774195
0_21,0,21,1737224611.0697892,0.0037277940000000004,1737224611.0692675,1737224611.070109,0.0001711829591853454,50,1737633631.2911608
1_21,1,21,1737224614.3142185,0.003670266,1737224614.313924,1737224614.3145833,0.0001429048107610878,50,1737633632.0595472
3_21,3,21,1737224618.056631,0.0029867110000000004,1737224618.0563838,1737224618.0569844,0.00012877080820257578,50,1737633632.7085085
5_21,5,21,1737224626.3709028,0.0035918815,1737224626.3703535,1737224626.380952,0.002065148515383883,48,1737633634.657065
0_22,0,22,1737224611.0697584,0.003393248,1737224611.0694206,1737224611.0699685,0.00014838731067832737,50,1737633635.748708
1_22,1,22,1737224614.314387,0.002974182,1737224614.3141723,1737224614.3145776,0.00010241383224006898,50,1737633636.483664
3_22,3,22,1737224618.0566933,0.0035129640000000004,1737224618.056365,1737224618.0569272,0.00017524259910617305,50,1737633637.6227791
5_22,5,22,1737224626.3708906,0.0045274125,1737224626.3701897,1737224626.3714368,0.00030152897519033654,50,1737633638.2424843
0_23,0,23,1737224611.0697625,0.003927778000000001,1737224611.0694294,1737224611.070231,0.000181522211307442,50,1737633638.7620459
1_23,1,23,1737224614.3142664,0.0032836620000000006,1737224614.3140807,1737224614.3145738,0.00010463612078248931,50,1737633639.1738682
3_23,3,23,1737224618.056668,0.0036170975000000003,1737224618.056274,1737224618.0569432,0.00016107274059168084,50,1737633639.7809
5_23,5,23,1737224626.3709483,0.0039584865,1737224626.3706717,1737224626.3714027,0.00015314291059540918,50,1737633640.1977303
0_24,0,24,1737224611.0697849,0.0033706825000000004,1737224611.06961,1737224611.0701027,0.0001016765877887945,50,1737633641.1988294
1_24,1,24,1737224614.3143141,0.0032921685000000004,1737224614.3140497,1737224614.3146338,0.0001220496260728236,50,1737633641.5478106
3_24,3,24,1737224618.056679,0.0044799305,1737224618.0560234,1737224618.0574844,0.00031640313598117205,50,1737633642.0118747
5_24,5,24,1737224626.370872,0.0031974155,1737224626.3706577,1737224626.3710704,9.418687870449263e-05,50,1737633643.972555
0_25,0,25,1737224611.0697536,0.0039825525,1737224611.0693266,1737224611.0703356,0.0002253948216492695,50,1737633644.704855
1_25,1,25,1737224614.3143563,0.003572603,1737224614.3138733,1737224614.314755,0.00019141856084273985,50,1737633645.467205
3_25,3,25,1737224618.0566173,0.0038121150000000005,1737224618.0560207,1737224618.0569496,0.00018115551347237577,50,1737633647.1507392
5_25,5,25,1737224626.372104,0.002018296,1737224626.3716376,1737224626.372933,0.00033177839954520933,49,1737633648.0734503
0_26,0,26,1737224611.069796,0.003317575,1737224611.0695167,1737224611.0703673,0.00017573936809100863,50,1737633648.7794538
1_26,1,26,1737224614.3142939,0.0032296425,1737224614.3138661,1737224614.3146255,0.00015945431718415365,50,1737633649.4407933
3_26,3,26,1737224618.0566294,0.0033951205000000003,1737224618.0563369,1737224618.0567937,0.00012336213193018028,50,1737633650.1501186
5_26,5,26,1737224626.372342,0.0011510075,1737224626.371891,1737224626.3749332,0.0008278639678765509,48,1737633651.7497723
0_27,0,27,1737224611.06979,0.0033270325000000003,1737224611.0693254,1737224611.069944,0.0001306221482611752,50,1737633652.5561757
1_27,1,27,1737224614.3142748,0.0043547035,1737224614.3139174,1737224614.314991,0.00018370337643135333,50,1737633653.3004715
3_27,3,27,1737224618.0566964,0.0044487745000000006,1737224618.0560608,1737224618.0571277,0.00022005897430619055,50,1737633653.8282757
5_27,5,27,1737224626.3708525,0.0035056895,1737224626.3705997,1737224626.3712103,0.0001288007513961607,50,1737633654.436061
0_28,0,28,1737224611.06994,0.0032139975000000003,1737224611.069576,1737224611.0702813,0.00015799418380154495,50,1737633654.837139
1_28,1,28,1737224614.3143659,0.003011735,1737224614.3140912,1737224614.3147204,0.00013121070992351514,50,1737633655.2470374
3_28,3,28,1737224618.0567048,0.0037174295,1737224618.0563643,1737224618.0569568,0.00015745351415946994,50,1737633655.8731616
5_28,5,28,1737224626.371089,0.0026661230000000003,1737224626.370782,1737224626.3723955,0.0006028220450219751,49,1737633657.492228
0_29,0,29,1737224611.0697925,0.003153036,1737224611.0695167,1737224611.0700388,0.00013513906618592468,50,1737633658.8269513
1_29,1,29,1737224614.31427,0.0036041415,1737224614.3139544,1737224614.3144817,0.00013511948027741748,50,1737633659.510031
3_29,3,29,1737224618.056641,0.0033411835,1737224618.056409,1737224618.0568988,0.0001207062195396931,50,1737633659.9793134
5_29,5,29,1737224626.370962,0.0032422565000000004,1737224626.370688,1737224626.371113,0.00011536209578904729,50,1737633660.7694404
0_30,0,30,1737224611.0699077,0.0040911325000000005,1737224611.069211,1737224611.0701642,0.00022854782110847847,50,1737633661.7557526
1_30,1,30,1737224614.3143182,0.0037670650000000004,1737224614.3137722,1737224614.3144813,0.00016586005164103004,50,1737633662.4850557
3_30,3,30,1737224618.0567756,0.00376654,1737224618.0563111,1737224618.0573874,0.0002155642061840052,49,1737633664.1405044
5_30,5,30,1737224626.3709626,0.0034578300000000003,1737224626.370668,1737224626.3711622,0.00013179697106875372,50,1737633665.886949
0_31,0,31,1737224611.0698211,0.0034487045,1737224611.0696492,1737224611.0701704,0.00011293456997655546,50,1737633666.602505
1_31,1,31,1737224614.3142934,0.0036390425,1737224614.3139374,1737224614.3146486,0.00016258674566092292,50,1737633667.3168921
3_31,3,31,1737224618.0566893,0.003522115,1737224618.0563896,1737224618.0569706,0.00013169158936565683,50,1737633667.7337558
5_31,5,31,1737224626.371017,0.0037112085000000003,1737224626.3704617,1737224626.3712058,0.00015149969755932653,50,1737633668.244686
0_32,0,32,1737224611.069809,0.0036528465,1737224611.0694246,1737224611.0700393,0.00014652118865987832,50,1737633668.979873
1_32,1,32,1737224614.314328,0.0031237705000000003,1737224614.3141441,1737224614.3146317,0.00013050101786719336,50,1737633669.782926
3_32,3,32,1737224618.0577736,0.0032026510000000004,1737224618.0564106,1737224618.0628653,0.0012380643275959904,49,1737633671.5233052
5_32,5,32,1737224626.37092,0.0033249035000000003,1737224626.3706203,1737224626.3712163,0.0001227576770399858,50,1737633673.155873
0_33,0,33,1737224611.0698476,0.0044362460000000005,1737224611.0691733,1737224611.0708132,0.00031940788174873356,50,1737633673.5825057
1_33,1,33,1737224614.314402,0.003116334,1737224614.3140874,1737224614.3145757,0.0001289009292725441,50,1737633674.0924852
3_33,3,33,1737224618.0567317,0.003970897,1737224618.0562384,1737224618.0572867,0.0002489048493430785,50,1737633674.8116975
5_33,5,33,1737224626.3709002,0.0039133935,1737224626.3705049,1737224626.3711028,0.00017202328572858192,50,1737633676.140915
0_34,0,34,1737224611.0698957,0.0040176255,1737224611.0694418,1737224611.0704556,0.0002185033319902501,50,1737633676.7964902
1_34,1,34,1737224614.314271,0.00426701,1737224614.3136556,1737224614.3146296,0.0002539866442605775,50,1737633677.6452498
3_34,3,34,1737224618.0566463,0.0034490020000000005,1737224618.0563536,1737224618.0569563,0.00016019877826432873,50,1737633679.3040967
5_34,5,34,1737224626.3719406,0.002867053,1737224626.3707762,1737224626.3800423,0.0017542972379873617,49,1737633680.8415413
0_35,0,35,1737224611.0698705,0.00355545,1737224611.0696049,1737224611.0700169,9.601981422667628e-05,50,1737633681.5014307
1_35,1,35,1737224614.314371,0.0035001600000000004,1737224614.3139744,1737224614.314611,0.00014885156810631758,50,1737633682.2867799
3_35,3,35,1737224618.056657,0.0034362135,1737224618.0564723,1737224618.0568738,0.00010465359019693886,50,1737633684.2114494
5_35,5,35,1737224626.371054,0.0037129135,1737224626.3705812,1737224626.3714826,0.0001799811731320901,50,1737633685.038312
0_36,0,36,1737224611.0698314,0.003990601,1737224611.0695245,1737224611.0705228,0.00020349241237694753,50,1737633685.4579945
1_36,1,36,1737224614.314282,0.0042368565,1737224614.3138645,1737224614.3149447,0.0002071965272949069,50,1737633685.8741875
3_36,3,36,1737224618.0567107,0.003231751,1737224618.0563557,1737224618.0571747,0.00018317613628791738,50,1737633687.3936484
5_36,5,36,1737224626.3709831,0.003159627,1737224626.3707495,1737224626.3711004,9.840176856939324e-05,50,1737633688.0110223
0_37,0,37,1737224611.0698438,0.0030973785,1737224611.0696669,1737224611.0700758,0.00011249090857002195,50,1737633689.2400143
1_37,1,37,1737224614.3143191,0.0036643655,1737224614.3138754,1737224614.3148541,0.00021721981655404795,50,1737633689.5573797
3_37,3,37,1737224618.056668,0.0044802355000000006,1737224618.0562844,1737224618.0572438,0.00020767317546713173,50,1737633690.0611389
5_37,5,37,1737224626.3709588,0.0037951010000000004,1737224626.3705149,1737224626.3713243,0.0001686811093306757,50,1737633690.576862
0_38,0,38,1737224611.0700135,0.0031602265,1737224611.0696902,1737224611.070315,0.00013205174974245023,50,1737633690.9896238
1_38,1,38,1737224614.314433,0.0030253755,1737224614.3140678,1737224614.3147097,0.00014012821932680576,50,1737633691.3964663
3_38,3,38,1737224618.056698,0.003648521,1737224618.0564983,1737224618.0570045,0.00013247199012772883,49,1737633691.8235254
5_38,5,38,1737224626.3709898,0.003206883,1737224626.3706923,1737224626.3711176,0.00010987097344647689,49,1737633692.4181898
0_39,0,39,1737224611.069909,0.0033853425,1737224611.0696397,1737224611.0701003,0.00010927259037527904,50,1737633692.931862
1_39,1,39,1737224614.3143792,0.0031218055000000002,1737224614.3141882,1737224614.3146644,0.00012108573369105036,50,1737633693.5455396
3_39,3,39,1737224618.0579453,0.0035254910000000004,1737224618.0565076,1737224618.0615206,0.001247999940987251,49,1737633694.0696828
5_39,5,39,1737224626.3710399,0.0033525910000000003,1737224626.3705072,1737224626.3714523,0.00018439692425598417,50,1737633694.9897175
0_40,0,40,1737224611.069787,0.003918400000000001,1737224611.0693898,1737224611.070356,0.00022656478890635242,50,1737633695.5981073
1_40,1,40,1737224614.3143888,0.0033920175000000004,1737224614.3140354,1737224614.3146763,0.00014136214539983897,50,1737633696.2691538
3_40,3,40,1737224618.0565925,0.0040041065,1737224618.0560484,1737224618.0572655,0.0002766982245384791,50,1737633696.8160353
5_40,5,40,1737224626.3710456,0.004617502000000001,1737224626.370335,1737224626.371665,0.00033839304531811947,50,1737633697.867451
0_41,0,41,1737224611.0698495,0.0038647840000000004,1737224611.0692997,1737224611.0702384,0.00019149626511834168,50,1737633698.462952
1_41,1,41,1737224614.314312,0.003222335,1737224614.313917,1737224614.3145483,0.00012085097944622131,50,1737633698.872056
3_41,3,41,1737224618.0567544,0.004122575,1737224618.056387,1737224618.057369,0.00019478752388311484,50,1737633699.813422
5_41,5,41,1737224626.371036,0.0034308200000000002,1737224626.3706865,1737224626.3871727,0.0041646399595411275,49,1737633700.6151938
0_42,0,42,1737224611.0699072,0.0032865705000000005,1737224611.0697227,1737224611.0700188,8.334893926438123e-05,50,1737633701.1507783
1_42,1,42,1737224614.3143783,0.00341491,1737224614.314102,1737224614.3146353,0.00013765272116837506,50,1737633702.1223598
3_42,3,42,1737224618.0567589,0.004381501,1737224618.0561929,1737224618.0624025,0.001515766611309455,49,1737633702.8423421
5_42,5,42,1737224626.371745,0.0032899070000000003,1737224626.370782,1737224626.374533,0.0009234695596351955,49,1737633703.481537
0_43,0,43,1737224611.0699165,0.003149789,1737224611.0697136,1737224611.0701332,0.00010907741452443397,50,1737633703.9938204
1_43,1,43,1737224614.3144345,0.0030321420000000003,1737224614.314158,1737224614.314587,0.00011733631273987862,50,1737633704.6585193
3_43,3,43,1737224618.0567644,0.0033842735,1737224618.0564914,1737224618.0571814,0.00013245513195411188,50,1737633705.0154076
5_43,5,43,1737224626.3710127,0.0039037810000000003,1737224626.370332,1737224626.3732157,0.0004860566758834654,49,1737633705.5323484
0_44,0,44,1737224611.0698073,0.003515252,1737224611.06935,1737224611.0700912,0.00018954274639393397,50,1737633706.436148
1_44,1,44,1737224614.3143778,0.00325531,1737224614.3140836,1737224614.3146148,0.00011868341804554306,50,1737633707.1393774
3_44,3,44,1737224618.056745,0.0032229980000000004,1737224618.0565856,1737224618.057026,0.00011776252845555833,49,1737633708.5904913
5_44,5,44,1737224626.3709793,0.0034875030000000003,1737224626.370793,1737224626.3712704,0.0001288468795983473,50,1737633710.4263065
0_45,0,45,1737224611.0698981,0.0035188990000000002,1737224611.0697083,1737224611.07018,0.0001180236024755692,50,1737633711.165147
1_45,1,45,1737224614.314261,0.004418525500000001,1737224614.3137388,1737224614.314989,0.000300581975958315,50,1737633711.8560555
3_45,3,45,1737224618.0576427,0.0029190770000000004,1737224618.056672,1737224618.0627089,0.0012222489207535342,49,1737633712.3849728
5_45,5,45,1737224626.37227,0.00213115,1737224626.3714228,1737224626.3785524,0.001718693748376675,49,1737633714.0103438
0_46,0,46,1737224611.0698695,0.003885739,1737224611.0691733,1737224611.0704775,0.00023602569930123327,50,1737633714.435023
1_46,1,46,1737224614.314363,0.0040287385,1737224614.313987,1737224614.3153055,0.0002671317685405721,50,1737633715.0561893
3_46,3,46,1737224618.0568085,0.0032108320000000003,1737224618.0565891,1737224618.0638738,0.001587814900954251,49,1737633715.7238238
5_46,5,46,1737224626.3711514,0.0033991720000000002,1737224626.3708467,1737224626.3767686,0.001336833616211228,49,1737633717.2970083
0_47,0,47,1737224611.069869,0.0035688390000000003,1737224611.069683,1737224611.0701187,0.00012924667434748138,50,1737633717.8180258
1_47,1,47,1737224614.314405,0.0037065020000000004,1737224614.3138843,1737224614.3147564,0.00017532096232040806,50,1737633719.349337
3_47,3,47,1737224618.0567665,0.0035111505,1737224618.0563092,1737224618.0570583,0.00018807015473598594,50,1737633719.9657507
5_47,5,47,1737224626.3710577,0.0034238435,1737224626.3708014,1737224626.3712811,0.00011720709726885473,50,1737633720.6731503
0_48,0,48,1737224611.0699153,0.003207092,1737224611.0694911,1737224611.070046,0.0001301478696688649,50,1737633721.3977273
1_48,1,48,1737224614.314372,0.0043139045,1737224614.3136072,1737224614.315008,0.0003544213743270964,50,1737633722.26036
3_48,3,48,1737224618.0567849,0.0037316760000000006,1737224618.0563953,1737224618.0571527,0.0001544049081340303,50,1737633723.1330233
5_48,5,48,1737224626.371046,0.0042284985,1737224626.3707829,1737224626.3713725,0.0001461747555565016,50,1737633724.2667897
0_49,0,49,1737224611.069887,0.0034800495000000004,1737224611.069549,1737224611.070444,0.00021687695692097542,50,1737633724.8501065
1_49,1,49,1737224614.3144093,0.0041751345,1737224614.3139791,1737224614.3147573,0.0001922022639758973,50,1737633725.3955696
3_49,3,49,1737224618.0581207,0.003332527,1737224618.0566282,1737224618.0614908,0.0011719462911404925,49,1737633726.3092122
5_49,5,49,1737224626.3710296,0.0035758775000000005,1737224626.370769,1737224626.3713646,0.0001462063986180385,50,1737633727.4351277
0_50,0,50,1737224611.0699012,0.0032016615000000003,1737224611.0695214,1737224611.0701137,0.00012976161096574514,50,1737633728.669052
1_50,1,50,1737224614.3144274,0.0033793995,1737224614.3141205,1737224614.314661,0.00013863304599186712,50,1737633729.437902
3_50,3,50,1737224618.0567036,0.003111712,1737224618.056549,1737224618.0569115,9.625032156280216e-05,50,1737633729.7956107
5_50,5,50,1737224626.3709698,0.003922292500000001,1737224626.3705246,1737224626.3714097,0.00018933152477003444,50,1737633731.5246365
0_51,0,51,1737224611.0699348,0.003490991,1737224611.0696752,1737224611.0702438,0.00011563020470088358,49,1737633732.0531313
1_51,1,51,1737224614.3144462,0.0034986965,1737224614.31397,1737224614.3148665,0.00016077111236470444,50,1737633733.3753178
3_51,3,51,1737224618.0567875,0.0033934585,1737224618.0565972,1737224618.057104,0.00012527042155530314,50,1737633734.8066142
5_51,5,51,1737224626.3709407,0.0039728995,1737224626.3703403,1737224626.3713632,0.0001932779059075268,50,1737633736.6578667
0_52,0,52,1737224611.0699492,0.003504253,1737224611.0696516,1737224611.0705686,0.0001853056131921927,50,1737633737.3820822
1_52,1,52,1737224614.3143802,0.0040477025,1737224614.3138957,1737224614.3147347,0.00017471851601913107,50,1737633738.0056782
3_52,3,52,1737224618.058649,0.000455496,1737224618.0580173,1737224618.0781565,0.005567691219967476,45,1737633738.9005044
5_52,5,52,1737224626.3710127,0.0035203725000000005,1737224626.3706822,1737224626.3712444,0.00012877434843004673,50,1737633740.556896
0_53,0,53,1737224611.0699337,0.0035283375,1737224611.069617,1737224611.0702386,0.00013237017547694074,50,1737633741.2564394
1_53,1,53,1737224614.314397,0.0037679705,1737224614.3140795,1737224614.3148053,0.00017390485850351666,50,1737633741.858807
3_53,3,53,1737224618.05682,0.0034740580000000004,1737224618.0561767,1737224618.0570416,0.00016134115549457724,50,1737633742.2880285
5_53,5,53,1737224626.3709722,0.004079367,1737224626.3703606,1737224626.3715816,0.0002444184945990192,50,1737633743.715068
0_54,0,54,1737224611.0698805,0.0034857075000000004,1737224611.069491,1737224611.0703406,0.00020032598688145866,50,1737633744.545625
1_54,1,54,1737224614.3144577,0.0032351395000000003,1737224614.3141057,1737224614.3147097,0.00015398646693822571,50,1737633745.1275496
3_54,3,54,1737224618.0578218,0.0030671730000000003,1737224618.0566974,1737224618.0586505,0.0006652491021028035,49,1737633746.685918
5_54,5,54,1737224626.3710527,0.00417588,1737224626.370695,1737224626.3716764,0.00021036960027715314,50,1737633748.016021
0_55,0,55,1737224611.0725226,0.001424121,1737224611.0713644,1737224611.0748177,0.0008537211717342624,45,1737633748.5191853
1_55,1,55,1737224614.314459,0.0032297385000000004,1737224614.3141987,1737224614.3147244,0.00013767767748451565,50,1737633749.5887492
3_55,3,55,1737224618.056863,0.004451134000000001,1737224618.0563035,1737224618.0573568,0.000223098335514082,49,1737633750.1640205
5_55,5,55,1737224626.3710394,0.0035668820000000004,1737224626.3707416,1737224626.37119,0.00012268185285988926,49,1737633751.9056222
0_56,0,56,1737224611.0698814,0.004123179,1737224611.069395,1737224611.0707307,0.00026376833909620706,50,1737633752.7009897
1_56,1,56,1737224614.3144057,0.0035429470000000003,1737224614.3139024,1737224614.314615,0.00013958291001768015,50,1737633753.4139092
3_56,3,56,1737224618.0568,0.0038184145000000006,1737224618.0563717,1737224618.0572338,0.00022650746775983104,50,1737633753.8608725
5_56,5,56,1737224626.3709946,0.0035666020000000003,1737224626.3707118,1737224626.3711636,0.00013166581790822096,50,1737633754.3676972
0_57,0,57,1737224611.0699315,0.003350659,1737224611.0695806,1737224611.0702639,0.00013975025565094319,49,1737633754.7555687
1_57,1,57,1737224614.3144379,0.0032756075000000004,1737224614.3140025,1737224614.3146548,0.00013624483471476526,50,1737633755.3020973
3_57,3,57,1737224618.0568044,0.0040807785,1737224618.0563612,1737224618.057169,0.00018954968589786702,50,1737633755.7028344
5_57,5,57,1737224626.3723383,0.002787,1737224626.3712401,1737224626.387073,0.0031976087052047364,49,1737633756.1086059
0_58,0,58,1737224611.070041,0.0032341285000000003,1737224611.0698829,1737224611.0702682,0.00010046298073650424,50,1737633756.7364395
1_58,1,58,1737224614.3145204,0.00303825,1737224614.3143044,1737224614.3147645,0.00010579891540422062,50,1737633757.2401001
3_58,3,58,1737224618.0567312,0.004891691,1737224618.0557864,1737224618.0572944,0.000381131737703889,50,1737633758.0059764
5_58,5,58,1737224626.3720672,0.0027420870000000003,1737224626.371072,1737224626.3726988,0.0005133007516206384,49,1737633758.9773736
0_59,0,59,1737224611.0699356,0.0033496775000000003,1737224611.0695672,1737224611.0704484,0.00021970083062015632,50,1737633759.419251
1_59,1,59,1737224614.3143952,0.0038984855000000003,1737224614.3137786,1737224614.3149714,0.00026774375861159794,50,1737633759.8011045
3_59,3,59,1737224618.0568037,0.003652695,1737224618.0565217,1737224618.0570183,0.0001242899152824142,49,1737633760.6351178
5_59,5,59,1737224626.3710523,0.0032953195000000003,1737224626.3708258,1737224626.371248,0.00010569136217410622,50,1737633761.5398986
0_60,0,60,1737224611.0698514,0.004101805,1737224611.0692413,1737224611.070393,0.0002341851076976845,50,1737633761.9599862
1_60,1,60,1737224614.314445,0.0033946205000000003,1737224614.314167,1737224614.3146915,0.00013536593972762355,50,1737633762.589241
3_60,3,60,1737224618.0568013,0.0036920545000000003,1737224618.0565,1737224618.0569606,0.00012701359498495381,50,1737633762.9784098
5_60,5,60,1737224626.3710241,0.0035835565000000005,1737224626.3706183,1737224626.3712034,0.00014398682083900744,50,1737633763.5911
0_61,0,61,1737224611.0699115,0.003430636,1737224611.0695176,1737224611.0701938,0.00014202781064148474,50,1737633764.2021348
1_61,1,61,1737224614.3143935,0.0037432915000000003,1737224614.313794,1737224614.3150682,0.00026345840723722907,50,1737633764.6158001
3_61,3,61,1737224618.0567427,0.0036164565000000003,1737224618.0563357,1737224618.0570116,0.00016251351894778086,50,1737633766.1517057
5_61,5,61,1737224626.3711038,0.0034771230000000004,1737224626.3707395,1737224626.3744097,0.0009709384447838789,49,1737633767.0121565
0_62,0,62,1737224611.0699577,0.0033797835,1737224611.0695403,1737224611.0701718,0.00014076743336342178,50,1737633768.6059456
1_62,1,62,1737224614.3145142,0.003272652,1737224614.3142195,1737224614.3147144,0.0001486100622937539,50,1737633769.221374
3_62,3,62,1737224618.0567973,0.0035122570000000004,1737224618.0563364,1737224618.059543,0.0006038195656692078,49,1737633769.9966395
5_62,5,62,1737224626.372168,0.0032883580000000003,1737224626.3708937,1737224626.377204,0.0013174071078109783,49,1737633771.465194
0_63,0,63,1737224611.069971,0.0034665520000000003,1737224611.0694923,1737224611.0701032,0.00014214334131647073,50,1737633771.9868956
1_63,1,63,1737224614.3144298,0.0034955760000000002,1737224614.314283,1737224614.3147335,0.00013952522509942658,50,1737633772.845037
3_63,3,63,1737224618.0567918,0.003498457,1737224618.0566187,1737224618.057001,0.0001088219392511291,50,1737633774.334879
5_63,5,63,1737224626.371367,0.003033628,1737224626.3709521,1737224626.3730788,0.0005724252562575191,49,1737633776.0735624
0_64,0,64,1737224611.0700142,0.0033203520000000004,1737224611.0695791,1737224611.0702739,0.00016703137383851797,50,1737633776.9564722
1_64,1,64,1737224614.314477,0.0031242395,1737224614.3141744,1737224614.3147438,0.00013805537599852303,50,1737633777.7510786
3_64,3,64,1737224618.0582426,0.0029345680000000002,1737224618.0567932,1737224618.0615711,0.0008989361905251528,49,1737633778.1300907
5_64,5,64,1737224626.3710833,0.0034261120000000003,1737224626.3708496,1737224626.3723779,0.00027963669277484985,49,1737633779.547812
0_65,0,65,1737224611.0699952,0.0033914740000000002,1737224611.0695233,1737224611.0702274,0.00018094324708093775,50,1737633780.077236
1_65,1,65,1737224614.314526,0.0045365135000000004,1737224614.31384,1737224614.3153362,0.00034828114875102385,50,1737633781.5953681
3_65,3,65,1737224618.0583482,0.002707255,1737224618.0572777,1737224618.0693219,0.0030631788933134074,49,1737633783.541243
5_65,5,65,1737224626.3710976,0.004001382,1737224626.3707862,1737224626.3714092,0.0001483392646989262,49,1737633784.667031
0_66,0,66,1737224611.0699663,0.003273822,1737224611.0697842,1737224611.0701587,0.00010118342928026391,50,1737633785.3000622
1_66,1,66,1737224614.3144412,0.0043213625,1737224614.3137617,1737224614.3149858,0.000265143817192211,50,1737633786.0639613
3_66,3,66,1737224618.0567966,0.0034973535000000005,1737224618.0563898,1737224618.0571222,0.0001495066468936547,50,1737633786.4734552
5_66,5,66,1737224626.3722374,0.00247348,1737224626.371358,1737224626.373586,0.0004996605857996311,49,1737633787.759126
0_67,0,67,1737224611.0698888,0.003510015,1737224611.0696554,1737224611.0702243,0.00014829522160037792,50,1737633788.6321397
1_67,1,67,1737224614.3144307,0.0032313900000000002,1737224614.3139455,1737224614.3147383,0.00015503747733799933,50,1737633789.0840182
3_67,3,67,1737224618.0568607,0.003179957,1737224618.0563443,1737224618.057394,0.00019308464308945763,50,1737633789.5933785
5_67,5,67,1737224626.3710773,0.0034444105,1737224626.3708274,1737224626.3713393,0.00011860758561870552,50,1737633791.1273303
0_68,0,68,1737224611.069911,0.00356183,1737224611.0696173,1737224611.070096,0.00011511806979133939,50,1737633791.8297648
1_68,1,68,1737224614.3143954,0.0029863780000000005,1737224614.314263,1737224614.3148036,0.00013141671009033745,50,1737633792.8266323
3_68,3,68,1737224618.0568304,0.0034723215,1737224618.0563962,1737224618.057189,0.00015212585114158774,50,1737633793.735014
5_68,5,68,1737224626.3721461,0.002505565,1737224626.3714244,1737224626.3741865,0.0005639045950853546,49,1737633795.0275068
0_69,0,69,1737224611.0699763,0.0034664615000000003,1737224611.0697126,1737224611.0701375,0.00013742541207619326,50,1737633795.6609209
1_69,1,69,1737224614.3144593,0.0039846345000000005,1737224614.3137348,1737224614.3151257,0.00030689729597138866,50,1737633796.047664
3_69,3,69,1737224618.0568616,0.0032014530000000004,1737224618.0566254,1737224618.0570688,9.582190703487336e-05,50,1737633797.6807876
5_69,5,69,1737224626.3710616,0.0034618595,1737224626.3706937,1737224626.3713028,0.00012061334591319549,50,1737633798.293982
0_70,0,70,1737224611.06998,0.0037057855000000002,1737224611.0697403,1737224611.0702574,0.0001334878605614976,50,1737633799.003559
1_70,1,70,1737224614.3144898,0.0035118355,1737224614.3140965,1737224614.3147027,0.0001250018856084013,50,1737633799.441449
3_70,3,70,1737224618.0578203,0.0028827650000000002,1737224618.0568156,1737224618.059369,0.0008345152834109025,49,1737633800.154111
5_70,5,70,1737224626.371108,0.003082454,1737224626.3708134,1737224626.3712654,0.00010653555931950768,50,1737633800.7707334
0_71,0,71,1737224611.0699928,0.0031888525000000004,1737224611.0695236,1737224611.070385,0.00017123846437346353,50,1737633801.170117
1_71,1,71,1737224614.3144245,0.0032673290000000002,1737224614.314045,1737224614.3145485,0.00012215828147301471,50,1737633801.937431
3_71,3,71,1737224618.056789,0.003409365,1737224618.0563927,1737224618.05716,0.00015377126713379902,50,1737633802.7010088
5_71,5,71,1737224626.372456,0.002582936,1737224626.3712344,1737224626.3825216,0.0020946673997543535,49,1737633804.5564926
0_72,0,72,1737224611.0699606,0.0032680225000000004,1737224611.0695987,1737224611.07016,0.00011921357147156,50,1737633805.540631
1_72,1,72,1737224614.314486,0.0034412045000000004,1737224614.3142004,1737224614.3146303,0.00010766647255918419,50,1737633807.0043783
3_72,3,72,1737224618.0568635,0.003393066,1737224618.0563955,1737224618.0571039,0.0001692363125509589,50,1737633807.7660427
5_72,5,72,1737224626.3711386,0.0036203150000000003,1737224626.3708305,1737224626.371381,0.00012838269108532017,50,1737633809.9662294
0_73,0,73,1737224611.0699916,0.0035629475,1737224611.0697079,1737224611.0702295,0.00012588482011433966,50,1737633810.674027
1_73,1,73,1737224614.3145218,0.00317687,1737224614.3143582,1737224614.3146935,8.378860647286126e-05,50,1737633811.453169
3_73,3,73,1737224618.0568438,0.0039707095,1737224618.0566053,1737224618.0575745,0.00023277544223625514,50,1737633812.018877
5_73,5,73,1737224626.3711078,0.0037097775000000006,1737224626.3704967,1737224626.371358,0.0001743930717891199,50,1737633813.0459776
0_74,0,74,1737224611.0699987,0.0034934005000000004,1737224611.0696075,1737224611.0702734,0.00017478533516897846,50,1737633813.4580855
1_74,1,74,1737224614.3144712,0.0031098805000000004,1737224614.3141937,1737224614.3146725,0.00012339908135291966,50,1737633814.4194827
3_74,3,74,1737224618.056837,0.0039081705000000005,1737224618.056275,1737224618.0574641,0.0002230526593626565,50,1737633815.8135529
5_74,5,74,1737224626.3710938,0.0035917525000000003,1737224626.3708405,1737224626.3713727,0.00012378475880892736,50,1737633817.0265307
0_75,0,75,1737224611.0699806,0.0032753620000000004,1737224611.0696783,1737224611.0702674,0.000145775276849432,49,1737633817.80852
1_75,1,75,1737224614.3144517,0.003065738,1737224614.3142467,1737224614.3147545,0.0001041208738990531,50,1737633818.7621608
3_75,3,75,1737224618.0568717,0.004018759,1737224618.0565877,1737224618.0574546,0.000212154802975142,50,1737633819.397034
5_75,5,75,1737224626.371051,0.003677128,1737224626.370581,1737224626.3714042,0.00015139447609632437,50,1737633820.9187217
0_76,0,76,1737224611.0700574,0.0037851775000000004,1737224611.0697083,1737224611.0706444,0.00019354691614257807,50,1737633821.8391542
1_76,1,76,1737224614.3144884,0.0033835395000000002,1737224614.3141494,1737224614.3148377,0.0001463798743763157,50,1737633822.7512796
3_76,3,76,1737224618.056894,0.0032725230000000003,1737224618.0565732,1737224618.0571642,0.00013503384271716133,50,1737633823.784901
5_76,5,76,1737224626.372396,0.002598177,1737224626.3710828,1737224626.3838477,0.0023711510600268083,49,1737633824.404038
0_77,0,77,1737224611.0700326,0.0029816235000000003,1737224611.0696943,1737224611.0703156,0.00014362195889429258,50,1737633824.8062878
1_77,1,77,1737224614.3144577,0.0031827540000000003,1737224614.3142772,1737224614.3146698,0.00010455869008250397,50,1737633825.3348806
3_77,3,77,1737224618.0568748,0.0035017570000000003,1737224618.0564814,1737224618.0571294,0.00016527523966017082,50,1737633825.951229
5_77,5,77,1737224626.371253,0.0036573,1737224626.3708818,1737224626.379768,0.0018064900829404807,49,1737633826.425037
0_78,0,78,1737224611.070006,0.0034556045,1737224611.0697336,1737224611.0702574,0.00012161415522626044,50,1737633827.1842065
1_78,1,78,1737224614.3144948,0.0033910515,1737224614.3141775,1737224614.3147123,0.00014632997347609783,50,1737633827.9265506
3_78,3,78,1737224618.0568347,0.0039405065,1737224618.0564926,1737224618.0570526,0.0001535451781990963,50,1737633828.6969206
5_78,5,78,1737224626.3711376,0.0035479285000000003,1737224626.37074,1737224626.3714676,0.00017053422824496185,50,1737633829.7437139
0_79,0,79,1737224611.070013,0.0033138760000000003,1737224611.0696487,1737224611.0702238,0.00013598418468174209,50,1737633830.7656066
1_79,1,79,1737224614.3145397,0.0035255300000000002,1737224614.3142428,1737224614.3148227,0.00013938606728309505,50,1737633831.8261147
3_79,3,79,1737224618.0568576,0.003554743,1737224618.0564678,1737224618.0575213,0.00020532775799375513,50,1737633832.632853
5_79,5,79,1737224626.3710902,0.003423158,1737224626.3706975,1737224626.3712564,0.00013712722457167808,50,1737633833.4272926
0_80,0,80,1737224611.0700197,0.0035147315000000003,1737224611.0696344,1737224611.070283,0.00016065590004872207,50,1737633834.1472688
1_80,1,80,1737224614.31444,0.00326355,1737224614.3142557,1737224614.3146987,0.00012688364400882532,50,1737633834.8629758
3_80,3,80,1737224618.0569305,0.002952176,1737224618.0567145,1737224618.0570765,8.192496737865226e-05,50,1737633836.2857208
5_80,5,80,1737224626.3711011,0.003715144,1737224626.3705976,1737224626.3715978,0.0002253814650129426,50,1737633837.319794
0_81,0,81,1737224611.070013,0.0040185805000000005,1737224611.069789,1737224611.0706627,0.0002075798119355595,50,1737633838.284818
1_81,1,81,1737224614.3145347,0.0038389340000000004,1737224614.3141394,1737224614.3149986,0.00018862476807238743,50,1737633839.0629246
3_81,3,81,1737224618.0568604,0.0036381195,1737224618.0566788,1737224618.0571232,0.00010438081933247083,50,1737633839.7913258
5_81,5,81,1737224626.3711653,0.0032170030000000004,1737224626.3709278,1737224626.3713431,8.543613931911802e-05,50,1737633841.6127095
0_82,0,82,1737224611.069962,0.004106066,1737224611.0696123,1737224611.0705879,0.00023270887396873105,50,1737633842.7797818
1_82,1,82,1737224614.3144941,0.003723621,1737224614.314083,1737224614.3148289,0.00018019505232731438,50,1737633843.2596145
3_82,3,82,1737224618.0568488,0.003570686,1737224618.0565403,1737224618.0571847,0.00014745252181673637,50,1737633844.2128232
5_82,5,82,1737224626.3711824,0.004005382,1737224626.3705192,1737224626.371512,0.00020788640006003833,50,1737633845.9090807
0_83,0,83,1737224611.070021,0.0034680965,1737224611.0695286,1737224611.070438,0.0001723822253785438,50,1737633846.73008
1_83,1,83,1737224614.3144445,0.004805594,1737224614.3137684,1737224614.3154912,0.0004238571971941381,50,1737633847.4509509
3_83,3,83,1737224618.0568657,0.0039129080000000005,1737224618.0564458,1737224618.058752,0.0004335192904557263,49,1737633848.1154785
5_83,5,83,1737224626.3711054,0.00340483,1737224626.3708801,1737224626.3714154,0.00014209517294666937,49,1737633848.9938688
0_84,0,84,1737224611.0699973,0.0039255105,1737224611.0694942,1737224611.0702112,0.00016248141328418042,50,1737633850.6249614
1_84,1,84,1737224614.3145432,0.0031708045,1737224614.3141253,1737224614.314745,0.000142903434466089,50,1737633851.2436538
3_84,3,84,1737224618.056926,0.003128351,1737224618.0567007,1737224618.06181,0.001257912653713969,49,1737633851.7510245
5_84,5,84,1737224626.371138,0.003710357,1737224626.3706646,1737224626.3714678,0.00017477191613988712,50,1737633852.482422
0_85,0,85,1737224611.0700073,0.0036494890000000006,1737224611.0696216,1737224611.070291,0.000166172687010086,50,1737633853.034772
1_85,1,85,1737224614.3145347,0.0042894615,1737224614.3140502,1737224614.3150578,0.00021934226801338755,50,1737633853.9821286
3_85,3,85,1737224618.056871,0.0033271825000000003,1737224618.0566816,1737224618.0571232,9.526597825507321e-05,50,1737633854.9007542
5_85,5,85,1737224626.3710947,0.0035705470000000003,1737224626.3707995,1737224626.3715658,0.00017029184357678198,49,1737633855.543072
0_86,0,86,1737224611.069991,0.0036151315000000003,1737224611.0695605,1737224611.0702958,0.0001696484885937512,50,1737633856.1612654
1_86,1,86,1737224614.3144794,0.0034258305,1737224614.3141794,1737224614.314684,0.0001213107093616152,50,1737633856.7759967
3_86,3,86,1737224618.0568638,0.003537719,1737224618.0565624,1737224618.0573149,0.00016753177335541934,50,1737633857.3860178
5_86,5,86,1737224626.3711166,0.003635076,1737224626.3708682,1737224626.371583,0.00016352339706128698,50,1737633858.0019503
0_87,0,87,1737224611.070137,0.0031354265000000004,1737224611.0696898,1737224611.070374,0.00016445299251720885,50,1737633858.8784018
1_87,1,87,1737224614.3145552,0.0036756065000000003,1737224614.3141563,1737224614.314888,0.0001688136820192045,50,1737633859.4829054
3_87,3,87,1737224618.0569303,0.0041640375,1737224618.056499,1737224618.057528,0.0002242487590339832,50,1737633860.9660537
5_87,5,87,1737224626.371118,0.0038879835,1737224626.3709145,1737224626.37147,0.00015162602138567378,50,1737633862.603693
0_88,0,88,1737224611.0700483,0.0029785195000000004,1737224611.0697625,1737224611.0702152,0.00011261341123625904,50,1737633863.1656585
1_88,1,88,1737224614.3145382,0.0038147840000000003,1737224614.3141246,1737224614.3150017,0.00018389922196446372,50,1737633863.5546792
3_88,3,88,1737224618.0568836,0.0034745040000000002,1737224618.0565662,1737224618.0572672,0.00015806756942443422,50,1737633864.1438904
5_88,5,88,1737224626.3711376,0.0032873835000000002,1737224626.370948,1737224626.371593,0.00014266331870141106,50,1737633864.7556684
0_89,0,89,1737224611.0700994,0.003953132,1737224611.069923,1737224611.0705369,0.0001568731057421922,50,1737633865.1835647
1_89,1,89,1737224614.314623,0.0032243495000000002,1737224614.3143477,1737224614.314991,0.00015851759791512445,50,1737633865.8466842
3_89,3,89,1737224618.0569258,0.0038411860000000003,1737224618.0563557,1737224618.0591958,0.0006843146595231685,49,1737633866.4222891
5_89,5,89,1737224626.3719645,0.002740745,1737224626.371219,1737224626.3743334,0.000646002584655486,49,1737633868.029514
0_90,0,90,1737224611.070025,0.0038293680000000005,1737224611.069663,1737224611.0705318,0.00018111781172694264,50,1737633868.7109
1_90,1,90,1737224614.3146062,0.0039967465,1737224614.3141332,1737224614.3151426,0.00018710640465392306,50,1737633869.4295611
3_90,3,90,1737224618.0569577,0.0036499370000000002,1737224618.0567975,1737224618.0573,0.00011704429188819368,50,1737633870.490499
5_90,5,90,1737224626.371216,0.004650162,1737224626.3704448,1737224626.3717723,0.000304604185022548,50,1737633871.4095235
0_91,0,91,1737224611.0700784,0.0034106265000000005,1737224611.0696733,1737224611.070407,0.0001489708654007033,50,1737633871.93286
1_91,1,91,1737224614.3145597,0.003710084,1737224614.3140507,1737224614.314858,0.00016072721540288923,49,1737633872.8481665
3_91,3,91,1737224618.056886,0.0034716850000000004,1737224618.0566835,1737224618.057304,0.0001449390370082332,50,1737633873.564865
5_91,5,91,1737224626.37119,0.003912266,1737224626.3708909,1737224626.3717113,0.00017663410955024193,50,1737633874.3862143
0_92,0,92,1737224611.0700464,0.0039005865000000003,1737224611.06974,1737224611.0703588,0.000148646930765858,50,1737633875.0738547
1_92,1,92,1737224614.314476,0.0039431825000000005,1737224614.31396,1737224614.3147502,0.00018437183581071536,50,1737633875.8699577
3_92,3,92,1737224618.0570536,0.0032277070000000002,1737224618.0566387,1737224618.0585082,0.0005559359609895523,49,1737633876.5354815
5_92,5,92,1737224626.3711796,0.0037600290000000002,1737224626.3708706,1737224626.3716984,0.0001716735093809671,50,1737633877.154525
0_93,0,93,1737224611.069934,0.004861161,1737224611.0690885,1737224611.0709288,0.0004560405616265627,50,1737633878.3400292
1_93,1,93,1737224614.3145192,0.004425054,1737224614.3138297,1737224614.3155751,0.00038120503779418105,50,1737633878.7942321
3_93,3,93,1737224618.0582228,0.0021213754999999997,1737224618.057135,1737224618.0609932,0.000749612951819313,48,1737633879.6269991
5_93,5,93,1737224626.3725696,0.002116364,1737224626.3715467,1737224626.3844717,0.002505603155665334,49,1737633881.956035
0_94,0,94,1737224611.0700836,0.00460025,1737224611.0692744,1737224611.0707881,0.00025951964295361764,50,1737633882.9470627
1_94,1,94,1737224614.3145342,0.004366689,1737224614.314251,1737224614.3152566,0.0002206743793072847,50,1737633883.7447212
3_94,3,94,1737224618.0568538,0.004382965,1737224618.0561419,1737224618.0593057,0.0006609110230801146,49,1737633884.6250014
5_94,5,94,1737224626.3711753,0.004784008000000001,1737224626.3703837,1737224626.3719213,0.00033959398695750835,50,1737633885.5490904
0_95,0,95,1737224611.0700302,0.003573549,1737224611.0694947,1737224611.0705132,0.00019841825570985394,50,1737633886.1811292
1_95,1,95,1737224614.3145838,0.0033925975000000004,1737224614.314313,1737224614.3149405,0.0001508992304266607,50,1737633886.848223
3_95,3,95,1737224618.0570211,0.0044553480000000005,1737224618.0561762,1737224618.059826,0.0010015742696678864,49,1737633887.4922967
5_95,5,95,1737224626.3726816,0.0034203420000000003,1737224626.370907,1737224626.3796165,0.0017218496273651005,49,1737633889.225252
0_96,0,96,1737224611.070012,0.0045350335000000006,1737224611.0695126,1737224611.0704389,0.00025358892724001894,50,1737633890.2258627
1_96,1,96,1737224614.314566,0.0049107685,1737224614.3138213,1737224614.3155508,0.00041436737231895823,50,1737633890.901025
3_96,3,96,1737224618.0570388,0.004259289500000001,1737224618.0563748,1737224618.0598996,0.0008253341701378583,48,1737633891.9034808
5_96,5,96,1737224626.3711243,0.0038914640000000003,1737224626.3707108,1737224626.3715029,0.00018465568333291536,49,1737633893.4313252
0_97,0,97,1737224611.0700839,0.0049452145,1737224611.069343,1737224611.0706062,0.00024600422270607924,50,1737633894.1864228
1_97,1,97,1737224614.314567,0.0034461000000000006,1737224614.3142798,1737224614.3147652,0.00012031100440820513,50,1737633894.7671986
3_97,3,97,1737224618.056846,0.0034195685,1737224618.0566297,1737224618.0571375,0.00012585728152099662,50,1737633895.1739001
5_97,5,97,1737224626.3710475,0.0043533475,1737224626.3705277,1737224626.3727376,0.00043448841957191765,48,1737633896.1958618
0_98,0,98,1737224611.069965,0.003994456,1737224611.0695977,1737224611.070232,0.00014438123643761554,50,1737633896.831318
1_98,1,98,1737224614.3145661,0.0043817875000000004,1737224614.3141594,1737224614.3150845,0.0002405560948570147,50,1737633897.6125205
3_98,3,98,1737224618.0568671,0.0043698095,1737224618.0563905,1737224618.057435,0.0002031828310098075,50,1737633898.2505307
5_98,5,98,1737224626.371064,0.0042450345,1737224626.3706017,1737224626.3717432,0.0002422438078565873,50,1737633899.463318
0_99,0,99,1737224611.0701108,0.0031745765,1737224611.0698538,1737224611.0703251,0.000132753648616653,50,1737633900.1887639
1_99,1,99,1737224614.3145924,0.0040809175000000005,1737224614.3138304,1737224614.3152642,0.00029291040459190996,50,1737633901.610553
3_99,3,99,1737224618.0571778,0.0033281950000000004,1737224618.0566707,1737224618.0602527,0.0008381639142646371,49,1737633902.0320213
5_99,5,99,1737224626.371181,0.0036154265000000003,1737224626.3709009,1737224626.3714862,0.00014946871266741023,50,1737633902.8525593
